   -0.14916765699128749917D-01
    0.34081676202573113699D+02
    0.15533370802260354493D+00
    0.10288493838705881772D-01
    0.14122406027807088424D+00
    0.22822320893934600061D-01
    0.86820864123661820599D+01
    0.24577250560935165642D-02
    0.11197761160373770339D-02
    0.72342873337830884608D-03
    0.83270303352686019654D-02
    0.95902649050519244156D+01
    0.13870578845411458691D+01
    0.10239160797972942873D+03
   -0.56755639364741462316D+02
    0.38216811483354123924D+00
    0.10942070571938499954D-01
    0.16798815784764600800D+00
    0.25110400779331489701D-01
    0.28911538595962557596D-01
    0.75209159377933483270D+01
    0.24584964525465702150D-02
    0.25885707848083305826D-01
    0.11435623094657067569D-01
    0.13054166990079678692D-01
    0.10640091096954941818D+02
    0.10523120942777786091D+01
    0.70016370966886569249D+02
   -0.29682591830547174538D+02
    0.37684984412563921063D+00
    0.14860151054377506233D-01
    0.14967651920238267405D+00
    0.49522870071067787157D-01
    0.30406546808656044478D-01
    0.71562333922650491758D+01
    0.24494703035461799778D-02
    0.23255941107532804302D-01
    0.92950465983538451548D-02
    0.15654092150225770719D-01
    0.10153022366236264418D+02
    0.90847383368590306496D+00
    0.63345746961199260738D+02
   -0.18342689023390008174D+02
    0.60380741553221364271D+01
    0.77453673399820399670D-01
    0.78368106227395373242D-01
    0.14281090307623392488D+00
    0.42173693233074809397D-02
    0.28324821178192234328D+02
    0.42959424952915634816D-02
    0.12540934827915391301D-02
    0.14303941011761538496D-01
    0.58550899322125274371D-01
    0.31396096292618724810D+01
    0.80167968730189365090D+01
    0.18076968814066678988D+04
    0.10053317906512647395D+00
    0.31869802973996252073D-05
