     .29532225699421070000D-02
     .37601998011036478000D+00
     .14009852945466738000D+00
     .50043912534156442000D-02
     .11311255070086589000D+00
     .25191345581033278000D-01
     .44498271154199421000D+01
     .14990027121196761000D-02
     .29989893089151896000D-02
     .89963571834738271000D-03
     .49996718609774988000D-02
     .14673415483586208000D+01
     .98542366425735376000D-01
     .47543568143608674000D+02
    -.47186769050858162000D+02
     .11602187385263394000D-01
     .26019551623321291000D-01
     .13731877278934160000D+00
     .45833626816483996000D-01
     .19770633029746960000D-01
     .43812688944077305000D+01
     .14990000925163820000D-02
     .33910150019334070000D-01
     .12761715079824751000D-01
     .49997896286634886000D-02
     .14716120661678884000D+01
     .12398600687574289000D+00
     .59645726552700810000D+02
     .25539068401821441000D+01
     .00000000000000000000D+00
     .14000000000000001000D+00
     .50000000000000000000D-02
     .11319781600000001000D+00
     .25000000000000000000D-01
     .44119999999999985000D+01
     .15000000000000000000D-02
     .30007150000000000000D-02
     .89928500000000000000D-03
     .50000000000000000000D-02
     .14690000000000000000D+01
     .98531000000000000000D-01
     .47500206219702243000D+02
     .19999999999999988000D+00
     .00000000000000000000D+00
