    -.49771913377124714000D-01
    -.30502829835199074000D+01
     .14075260986531937000D+00
     .43456566085840094000D-02
     .11733553636562536000D+00
     .23722534440210225000D-01
     .44060163628573354000D+01
     .11952785610489880000D-02
     .18843625142487634000D-02
     .59436021832882446000D-03
     .48569381981141074000D-02
     .45719563981901112000D+01
     .32283958853414151000D+00
     .49990224442834730000D+02
    -.89317881080759150000D+02
     .52834223479138431000D+00
     .76222017854657968000D-02
     .16019716588836060000D+00
     .54619130336616122000D-02
     .23514424676221040000D-01
     .16492599963286824000D+01
     .11961499255096882000D-02
     .28085524652126506000D-01
     .33453192244634788000D-02
     .81196638244072413000D-02
     .78863745745059974000D+01
     .21029640746471192000D+00
     .18877950127673674000D+02
    -.39702196336869292000D+02
     .13469533081840551000D+00
     .18330212932837496000D-01
     .15143689317375919000D+00
     .30015766204252922000D-01
     .21896290690982894000D-01
     .31771845189373513000D+01
     .10978846988801505000D-02
     .20627583968279242000D-01
     .50830046717124230000D-02
     .10942395330972047000D-01
     .79656283570943386000D+01
     .43943193276768377000D+00
     .39054578450706266000D+02
    -.41517667046389441000D+02
     .16098591236666889000D+00
     .13798576267478631000D-01
     .15561046402140982000D+00
     .27761152114906047000D-01
     .41355271077735497000D-01
     .33470902856112778000D+01
     .11483283537605335000D-02
     .25202125297046896000D-01
     .34639688610788783000D-02
     .71931561397669359000D-02
     .59614105033897510000D+01
     .18343629461816696000D+00
     .21783949531986213000D+02
    -.16249110709192674000D+02
     .12000000000000000000D+02
     .17999999999999998000D-01
     .20000000000000000000D-02
     .88795960000000000000D-02
     .80000000000000001000D-02
     .35289999999999972000D+01
     .11999999999999998000D-02
     .22867260000000002000D-02
     .17132740000000000000D-02
     .29999999999999998000D-01
     .18876999999999998000D+02
     .31663229999999997000D+01
     .11873034728875772000D+03
     .66670000000000007000D-01
     .00000000000000000000D+00
