    0.13930077794261158000D+00
   -0.37228072400871781000D+02
    0.15522359551098233000D+00
    0.41549295260670474000D-02
    0.12907607655396860000D+00
    0.27854145310025703000D-01
    0.43183463142283038000D+01
    0.14992026121014698000D-02
    0.20925600478910047000D-02
    0.55094186073191629000D-03
    0.50537122858523584000D-02
    0.38812801705713020000D+02
    0.22877170554465564000D+01
    0.41728012322557738000D+02
   -0.66678981049495178000D+02
    0.11339529948624919000D+00
    0.75180664468538521000D-01
    0.61473440783983361000D-01
    0.33033129368334128000D-01
    0.36556506294116897000D-02
    0.43856193040688831000D+01
    0.15000549216004134000D-02
    0.21289631510975895000D-02
    0.43374518268987465000D-02
    0.58054179595536520000D-02
    0.59045349074334097000D+02
    0.26930945853874298000D+02
    0.32289869790345966000D+03
    0.38765599900463620000D+00
    0.11359437326331416000D+02
    0.15436075279704575000D+00
    0.47451940574251109000D-02
    0.13902642903069883000D+00
    0.10653484898506392000D-01
    0.44013553697253184000D+01
    0.15040588265329336000D-02
    0.46431711122500475000D-02
    0.32576894921460446000D-02
    0.10369364287613770000D-01
    0.19850561868621539000D+02
    0.31179362407608817000D+01
    0.11119744474117253000D+03
    0.35151475395485481000D+04
    0.00000000000000000000D+00
