    0.28560377373533379000D-01
   -0.12059818307628253000D+02
    0.14183782774804970000D+00
    0.42019848584028043000D-02
    0.92971332261963746000D-01
    0.48631905742543529000D-01
    0.47009151793307566000D+01
    0.11972912874907014000D-02
    0.21676481946191119000D-02
    0.35583624473412646000D-03
    0.49193042442502695000D-02
    0.69259859068128957000D+01
    0.25453201478889908000D+00
    0.26017238204391173000D+02
   -0.87812497108644052000D+02
    0.59568865584932084000D+00
    0.96207478598080709000D-02
    0.15843454177831703000D+00
    0.71095679222834317000D-02
    0.32602487017825317000D-01
    0.16283638960189632000D+01
    0.11976510288362227000D-02
    0.26636974609277087000D-01
    0.22593623543791588000D-02
    0.84058146505273396000D-02
    0.88932405028095580000D+01
    0.16887309251777288000D+00
    0.13443142453809979000D+02
   -0.40019901328059255000D+02
    0.11799823939700510000D+00
    0.23840875571626465000D-01
    0.14938467147194420000D+00
    0.23255548964388125000D-01
    0.25517383773564078000D-01
    0.32394205673764706000D+01
    0.11182980523432794000D-02
    0.17901510420675174000D-01
    0.38594118240850012000D-02
    0.11422152491642564000D-01
    0.80635747303810454000D+01
    0.38918714811239757000D+00
    0.34168920369175936000D+02
   -0.30500688039676830000D+02
    0.13288078266114933000D+00
    0.20894610024347629000D-01
    0.14902771779642057000D+00
    0.36064145023011383000D-01
    0.31803068915986915000D-01
    0.33552805758050046000D+01
    0.11517021500002382000D-02
    0.22679284124570400000D-01
    0.40633984601785369000D-02
    0.74157593857013788000D-02
    0.74292236589810780000D+01
    0.29799085119579160000D+00
    0.28396177295800370000D+02
   -0.26729210118296947000D+02
    0.11019995747047710000D+02
    0.42803527611513771000D-01
    0.40601131716023032000D-02
    0.37051363810182792000D-01
    0.68625274315315979000D-02
    0.56399093741056782000D+01
    0.12004447391987156000D-02
    0.18464941254418233000D-02
    0.25771293668145687000D-02
    0.31859064137147834000D-01
    0.10626416097994008000D+02
    0.33202786656882672000D+01
    0.22120151585891571000D+03
    0.32432377762349269000D+04
    0.00000000000000000000D+00
