    -.47588777911266116000D-01
    -.93295410346395080000D+01
     .13955121408411347000D+00
     .41304045507027393000D-02
     .10826193330042445000D+00
     .28246617856134248000D-01
     .43543535941427888000D+01
     .14927936579169547000D-02
     .29685788890175925000D-02
     .77715221754209536000D-03
     .46970019747338354000D-02
     .23910698265600434000D+01
     .14013582762113419000D+00
     .41491325115258057000D+02
     .59893480162650407000D-03
     .14300026573996640000D+00
     .12890869069305206000D-01
    -.57752251340008193000D+02
     .68418346137205765000D-01
     .18011493050173594000D-01
     .13856175458848044000D+00
     .12978919172099787000D-01
     .26096040142494492000D-01
     .43437911846856085000D+01
     .14931602888212174000D-02
     .90449285092449767000D-02
     .25568174633287354000D-02
     .48567616098818692000D-02
     .32878993351104397000D+01
     .20807146525935393000D+00
     .44801689788473638000D+02
     .33136523651601377000D-03
     .85428214565640772000D-01
     .19694188089493219000D-01
    -.11248712575527708000D+01
     .30000000000000000000D+02
     .14000000000000001000D+00
     .48999999999999998000D-02
     .11322503999999999000D+00
     .24000000000000000000D-01
     .44119999999999999000D+01
     .15000000000000000000D-02
     .29721589999999998000D-02
     .92784099999999999000D-03
     .50000000000000001000D-02
     .28210000000000001000D+01
     .19717899999999999000D+00
     .49479389084537565000D+02
     .10000289999999999000D-02
     .28500000000000003000D+00
     .50000000000000001000D-02
     .25000000000000000000D+01
     .00000000000000000000D+00
