    0.19049671192296752098D-01
   -0.17832328872442022583D+01
    0.17602901007061616534D+00
    0.17210995057646710088D-01
    0.17612020212322221369D+00
    0.16438902675971294592D-01
    0.12244924270693092083D+02
    0.41558624867968178840D-02
    0.74353343522398727267D-03
    0.94055465983155725224D-03
    0.12781691294382646271D-01
    0.61672389659284725383D+01
    0.17465207155356623492D+01
    0.20048567451068319656D+03
   -0.60409975231284732899D+02
    0.58075686891965419556D-01
    0.18642444003705450212D-01
    0.18102944133715218045D+00
    0.58874252775073417088D-01
    0.42970352278383895650D-01
    0.12074748694927581738D+02
    0.41584101128375851666D-02
    0.15808234227381614406D-01
    0.75438458639737610012D-02
    0.12783893799261807078D-01
    0.71860750047676678065D+01
    0.76771604587641673056D+00
    0.75632638862696651927D+02
   -0.11383952753427028171D+02
    0.60380741553221364271D+01
    0.77453673399820399670D-01
    0.78368106227395373242D-01
    0.14281090307623392488D+00
    0.42173693233074809328D+01
    0.28324821178192234328D+02
    0.42959424952915634816D-02
    0.12540934827915390937D+01
    0.14303941011761538496D-01
    0.58550899322125274371D-01
    0.31396096292618720369D+01
    0.80167968730189365090D+01
    0.18076968814066681261D+04
    0.10053317906512647395D+00
    0.31869802973996252073D-05
