     .19532101713869601000D+00
    -.35874799509621603000D+02
     .15273478425442540000D+00
     .55994177468425372000D-02
     .12924002399736833000D+00
     .26159836987621528000D-01
     .34975963342388807000D+01
     .11989857207310562000D-02
     .21308989923103024000D-02
     .48383556035147746000D-03
     .49791615447516979000D-02
     .35632445556796454000D+02
     .18112565425992961000D+01
     .35986094696538785000D+02
    -.69022037454645911000D+02
     .86572957178894724000D-01
     .18869637563259371000D-01
     .12605722560299059000D+00
     .46832026603796941000D-01
     .12010387471467202000D-01
     .35040542084998209000D+01
     .11990858968168791000D-02
     .71522993815414971000D-02
     .35437227766552926000D-02
     .49851153891083558000D-02
     .12568655145504554000D+03
     .13941268556689431000D+02
     .78526070280399920000D+02
     .88326792641931604000D+01
     .12000000000000000000D+02
     .14399999999999998000D+00
     .50000000000000001000D-02
     .12126622600000000000D+00
     .25000000000000001000D-01
     .35289999999999972000D+01
     .11999999999999998000D-02
     .20971929999999998000D-02
     .50280699999999997000D-03
     .50000000000000001000D-02
     .36581000000000003000D+02
     .19634190000000000000D+01
     .37993711132402502000D+02
     .99999999999999936000D-01
     .00000000000000000000D+00
