1
              FIVMA       FIVSA       FEVM        FEVS        FLUXV
           0.4150D-06  0.4150D-06  0.4050D-04  0.4079D-04  0.4092D-04


              FIKMA       FIKSA       FEKM        FEKS        FLUXS
      NA   0.1653D-05  0.1653D-05  0.3245D-05  0.4857D-05  0.4898D-05
      K   -0.7602D-07 -0.7602D-07  0.3912D-06  0.3170D-06  0.3152D-06
      CL   0.3748D-06  0.3748D-06  0.5235D-05  0.5597D-05  0.5610D-05
     HCO3 -0.1477D-06  0.5284D-06 -0.9365D-06 -0.4189D-06 -0.1084D-05
    H2CO3  0.1897D-09 -0.1463D-10  0.1984D-10  0.1362D-09  0.2096D-09
     CO2   0.7010D-06  0.2516D-07  0.6524D-08  0.5555D-07  0.7075D-06
     HPO4 -0.3323D-08  0.7928D-08 -0.9621D-08  0.1175D-07 -0.1294D-07
    H2PO4  0.3281D-07  0.2156D-07  0.1950D-07  0.2681D-07  0.5231D-07
     UREA  0.1278D-07  0.1278D-07  0.2545D-06  0.2669D-06  0.2672D-06
     NH3  -0.6103D-08  0.1193D-07  0.2977D-09  0.1180D-08 -0.5805D-08
     NH4  -0.4958D-07 -0.4661D-07  0.1566D-06  0.1219D-06  0.1070D-06
      H   -0.9306D-06 -0.9414D-08  0.3254D-09  0.1411D-08 -0.9303D-06
     HCO2 -0.2324D-06  0.4441D-08  0.6979D-07  0.8667D-07 -0.1626D-06
    H2CO2  0.2502D-06  0.1331D-07  0.1412D-09  0.5923D-10  0.2503D-06
     GLUC  0.3355D-06  0.3355D-06 -0.8045D-07  0.2459D-06  0.2551D-06

              CIKMA       CIKSA       JNHE        JNAGLU      JNAPI       JCLF        JCLB        JKCL        JNAB        JNACLB
      NA   0.1653D-05  0.1221D-06  0.9492D-06  0.3355D-06  0.3281D-07                                      0.2841D-06 -0.1620D-06
      K    0.0000D+00  0.2129D-06                                                              0.2129D-06                        
      CL   0.3748D-06  0.3748D-06                                      0.2324D-06  0.1424D-06  0.2129D-06              0.1620D-06
     HCO3 -0.1424D-06  0.5284D-06                                                 -0.1424D-06              0.8523D-06 -0.3239D-06
    H2CO3  0.0000D+00  0.0000D+00                                                                                                
     CO2   0.0000D+00  0.0000D+00                                                                                                
     HPO4  0.0000D+00  0.0000D+00                          0.3281D-07                                                            
    H2PO4  0.3281D-07  0.0000D+00                                                                                                
     UREA  0.0000D+00  0.0000D+00                                                                                                
     NH3   0.0000D+00  0.0000D+00                                                                                                
     NH4  -0.5217D-07  0.0000D+00 -0.5217D-07                                                                                    
      H   -0.8970D-06  0.0000D+00 -0.8970D-06                                                                                    
     HCO2 -0.2324D-06  0.0000D+00                                     -0.2324D-06                                                
    H2CO2  0.0000D+00  0.0000D+00                                                                                                
     GLUC  0.3355D-06  0.0000D+00              0.3355D-06                                                                        

              PIKMA       PIKSA
      NA   0.0000D+00  0.1545D-05
      K    0.0000D+00 -0.9868D-06
      CL   0.0000D+00  0.0000D+00
     HCO3  0.0000D+00  0.0000D+00
    H2CO3  0.0000D+00  0.0000D+00
     CO2   0.0000D+00  0.0000D+00
     HPO4  0.0000D+00  0.0000D+00
    H2PO4  0.0000D+00  0.0000D+00
     UREA  0.0000D+00  0.0000D+00
     NH3   0.0000D+00  0.0000D+00
     NH4   0.0000D+00 -0.4378D-07
      H   -0.5397D-07  0.0000D+00
     HCO2  0.0000D+00  0.0000D+00
    H2CO2  0.0000D+00  0.0000D+00
     GLUC  0.0000D+00  0.0000D+00

              GIKMA       GIKSA
      NA   0.0000D+00 -0.1415D-07
      K   -0.7602D-07  0.6979D-06
      CL   0.0000D+00  0.0000D+00
     HCO3 -0.5257D-08  0.0000D+00
    H2CO3  0.1897D-09 -0.1463D-10
     CO2   0.7010D-06  0.2516D-07
     HPO4 -0.3323D-08  0.7928D-08
    H2PO4  0.0000D+00  0.2156D-07
     UREA  0.1278D-07  0.1278D-07
     NH3  -0.6103D-08  0.1193D-07
     NH4   0.2589D-08 -0.2832D-08
      H    0.2038D-07 -0.9414D-08
     HCO2  0.0000D+00  0.4441D-08
    H2CO2  0.2502D-06  0.1331D-07
     GLUC  0.0000D+00  0.3355D-06
1
              FIVMA       FIVSA       FEVM        FEVS        FLUXV
           0.1955D+02  0.1955D+02  0.1908D+04  0.1921D+04  0.1927D+04


              FIKMA       FIKSA       FEKM        FEKS        FLUXS
      NA   0.7786D+02  0.7786D+02  0.1528D+03  0.2288D+03  0.2307D+03
      K   -0.3581D+01 -0.3581D+01  0.1843D+02  0.1493D+02  0.1484D+02
      CL   0.1765D+02  0.1765D+02  0.2466D+03  0.2636D+03  0.2642D+03
     HCO3 -0.6955D+01  0.2489D+02 -0.4411D+02 -0.1973D+02 -0.5106D+02
    H2CO3  0.8937D-02 -0.6890D-03  0.9345D-03  0.6414D-02  0.9871D-02
     CO2   0.3302D+02  0.1185D+01  0.3073D+00  0.2616D+01  0.3333D+02
     HPO4 -0.1565D+00  0.3734D+00 -0.4532D+00  0.5535D+00 -0.6097D+00
    H2PO4  0.1545D+01  0.1015D+01  0.9184D+00  0.1263D+01  0.2464D+01
     UREA  0.6020D+00  0.6020D+00  0.1199D+02  0.1257D+02  0.1259D+02
     NH3  -0.2874D+00  0.5619D+00  0.1402D-01  0.5558D-01 -0.2734D+00
     NH4  -0.2335D+01 -0.2195D+01  0.7374D+01  0.5739D+01  0.5039D+01
      H   -0.4383D+02 -0.4434D+00  0.1533D-01  0.6647D-01 -0.4382D+02
     HCO2 -0.1095D+02  0.2092D+00  0.3287D+01  0.4082D+01 -0.7660D+01
    H2CO2  0.1178D+02  0.6267D+00  0.6651D-02  0.2790D-02  0.1179D+02
     GLUC  0.1580D+02  0.1580D+02 -0.3789D+01  0.1158D+02  0.1201D+02

              CIKMA       CIKSA       JNHE        JNAGLU      JNAPI       JCLF        JCLB        JKCL        JNAB        JNACLB
      NA   0.7786D+02  0.5753D+01  0.4471D+02  0.1580D+02  0.1545D+01                                      0.1338D+02 -0.7628D+01
      K    0.0000D+00  0.1003D+02                                                              0.1003D+02                        
      CL   0.1765D+02  0.1765D+02                                      0.1095D+02  0.6708D+01  0.1003D+02              0.7628D+01
     HCO3 -0.6708D+01  0.2489D+02                                                 -0.6708D+01              0.4014D+02 -0.1526D+02
    H2CO3  0.0000D+00  0.0000D+00                                                                                                
     CO2   0.0000D+00  0.0000D+00                                                                                                
     HPO4  0.0000D+00  0.0000D+00                          0.1545D+01                                                            
    H2PO4  0.1545D+01  0.0000D+00                                                                                                
     UREA  0.0000D+00  0.0000D+00                                                                                                
     NH3   0.0000D+00  0.0000D+00                                                                                                
     NH4  -0.2457D+01  0.0000D+00 -0.2457D+01                                                                                    
      H   -0.4225D+02  0.0000D+00 -0.4225D+02                                                                                    
     HCO2 -0.1095D+02  0.0000D+00                                     -0.1095D+02                                                
    H2CO2  0.0000D+00  0.0000D+00                                                                                                
     GLUC  0.1580D+02  0.0000D+00              0.1580D+02                                                                        

              PIKMA       PIKSA
      NA   0.0000D+00  0.7277D+02
      K    0.0000D+00 -0.4648D+02
      CL   0.0000D+00  0.0000D+00
     HCO3  0.0000D+00  0.0000D+00
    H2CO3  0.0000D+00  0.0000D+00
     CO2   0.0000D+00  0.0000D+00
     HPO4  0.0000D+00  0.0000D+00
    H2PO4  0.0000D+00  0.0000D+00
     UREA  0.0000D+00  0.0000D+00
     NH3   0.0000D+00  0.0000D+00
     NH4   0.0000D+00 -0.2062D+01
      H   -0.2542D+01  0.0000D+00
     HCO2  0.0000D+00  0.0000D+00
    H2CO2  0.0000D+00  0.0000D+00
     GLUC  0.0000D+00  0.0000D+00

              GIKMA       GIKSA
      NA  -0.1421D-13 -0.6665D+00
      K   -0.3581D+01  0.3287D+02
      CL   0.0000D+00  0.1110D-15
     HCO3 -0.2476D+00  0.1144D-13
    H2CO3  0.8937D-02 -0.6890D-03
     CO2   0.3302D+02  0.1185D+01
     HPO4 -0.1565D+00  0.3734D+00
    H2PO4  0.6661D-15  0.1015D+01
     UREA  0.6020D+00  0.6020D+00
     NH3  -0.2874D+00  0.5619D+00
     NH4   0.1220D+00 -0.1334D+00
      H    0.9600D+00 -0.4434D+00
     HCO2  0.0000D+00  0.2092D+00
    H2CO2  0.1178D+02  0.6267D+00
     GLUC  0.1776D-14  0.1580D+02
1
              FIVMA       FIVSA       FEVM        FEVS        FLUXV
           0.2568D-04  0.2568D-04  0.7593D-04  0.9948D-04  0.1016D-03


              FIKMA       FIKSA       FEKM        FEKS        FLUXS
      NA   0.1467D-05  0.1467D-05  0.4034D-05  0.5468D-05  0.5501D-05
      K   -0.5375D-07 -0.5375D-07  0.3741D-06  0.3225D-06  0.3203D-06
      CL   0.3693D-06  0.3693D-06  0.5001D-05  0.5355D-05  0.5370D-05
     HCO3 -0.1449D-06  0.7539D-06 -0.6568D-06  0.8660D-07 -0.8017D-06
    H2CO3  0.2211D-08 -0.4459D-11  0.5970D-10  0.4129D-09  0.2271D-08
     CO2   0.1036D-05  0.1394D-06  0.1215D-07  0.1499D-06  0.1048D-05
     HPO4 -0.4385D-08  0.1034D-07  0.1069D-08  0.8529D-08 -0.3316D-08
    H2PO4  0.4190D-07  0.2717D-07  0.2153D-07  0.5057D-07  0.6343D-07
     UREA  0.1944D-07  0.1944D-07  0.3076D-06  0.3261D-06  0.3271D-06
     NH3  -0.3558D-07 -0.3614D-07 -0.3026D-08 -0.8069D-08 -0.3861D-07
     NH4  -0.1626D-06 -0.1411D-06 -0.2177D-07 -0.1884D-06 -0.1844D-06
      H   -0.1140D-05 -0.1205D-07  0.2602D-09  0.2700D-08 -0.1139D-05
     HCO2 -0.2307D-06  0.4838D-08  0.1034D-06  0.1004D-06 -0.1273D-06
    H2CO2  0.2280D-06 -0.7496D-08  0.1257D-09  0.7550D-10  0.2282D-06
     GLUC  0.6783D-07  0.6783D-07 -0.6776D-07 -0.9349D-10  0.6701D-10

              CIKMA       CIKSA       JNHE        JNAGLU      JNAPI       JCLF        JCLB        JKCL        JNAB        JNACLB
      NA   0.1467D-05  0.1885D-06  0.1290D-05  0.6783D-07  0.4190D-07                                      0.3768D-06 -0.1883D-06
      K    0.0000D+00  0.1810D-06                                                              0.1810D-06                        
      CL   0.3693D-06  0.3693D-06                                      0.2307D-06  0.1386D-06  0.1810D-06              0.1883D-06
     HCO3 -0.1386D-06  0.7539D-06                                                 -0.1386D-06              0.1130D-05 -0.3766D-06
    H2CO3  0.0000D+00  0.0000D+00                                                                                                
     CO2   0.0000D+00  0.0000D+00                                                                                                
     HPO4  0.0000D+00  0.0000D+00                          0.4190D-07                                                            
    H2PO4  0.4190D-07  0.0000D+00                                                                                                
     UREA  0.0000D+00  0.0000D+00                                                                                                
     NH3   0.0000D+00  0.0000D+00                                                                                                
     NH4  -0.1676D-06  0.0000D+00 -0.1676D-06                                                                                    
      H   -0.1122D-05  0.0000D+00 -0.1122D-05                                                                                    
     HCO2 -0.2307D-06  0.0000D+00                                     -0.2307D-06                                                
    H2CO2  0.0000D+00  0.0000D+00                                                                                                
     GLUC  0.6783D-07  0.0000D+00              0.6783D-07                                                                        

              PIKMA       PIKSA
      NA   0.0000D+00  0.1298D-05
      K    0.0000D+00 -0.7419D-06
      CL   0.0000D+00  0.0000D+00
     HCO3  0.0000D+00  0.0000D+00
    H2CO3  0.0000D+00  0.0000D+00
     CO2   0.0000D+00  0.0000D+00
     HPO4  0.0000D+00  0.0000D+00
    H2PO4  0.0000D+00  0.0000D+00
     UREA  0.0000D+00  0.0000D+00
     NH3   0.0000D+00  0.0000D+00
     NH4   0.0000D+00 -0.1241D-06
      H   -0.3872D-07  0.0000D+00
     HCO2  0.0000D+00  0.0000D+00
    H2CO2  0.0000D+00  0.0000D+00
     GLUC  0.0000D+00  0.0000D+00

              GIKMA       GIKSA
      NA   0.0000D+00 -0.1939D-07
      K   -0.5375D-07  0.5071D-06
      CL   0.0000D+00  0.0000D+00
     HCO3 -0.6270D-08  0.0000D+00
    H2CO3  0.2211D-08 -0.4459D-11
     CO2   0.1036D-05  0.1394D-06
     HPO4 -0.4385D-08  0.1034D-07
    H2PO4  0.0000D+00  0.2717D-07
     UREA  0.1944D-07  0.1944D-07
     NH3  -0.3558D-07 -0.3614D-07
     NH4   0.4977D-08 -0.1699D-07
      H    0.2150D-07 -0.1205D-07
     HCO2  0.0000D+00  0.4838D-08
    H2CO2  0.2280D-06 -0.7496D-08
     GLUC  0.0000D+00  0.6783D-07
1
              FIVMA       FIVSA       FEVM        FEVS        FLUXV
           0.1209D+04  0.1209D+04  0.3576D+04  0.4686D+04  0.4786D+04


              FIKMA       FIKSA       FEKM        FEKS        FLUXS
      NA   0.6912D+02  0.6912D+02  0.1900D+03  0.2576D+03  0.2591D+03
      K   -0.2531D+01 -0.2531D+01  0.1762D+02  0.1519D+02  0.1509D+02
      CL   0.1739D+02  0.1739D+02  0.2355D+03  0.2522D+03  0.2529D+03
     HCO3 -0.6823D+01  0.3551D+02 -0.3094D+02  0.4079D+01 -0.3776D+02
    H2CO3  0.1042D+00 -0.2100D-03  0.2812D-02  0.1945D-01  0.1070D+00
     CO2   0.4879D+02  0.6564D+01  0.5723D+00  0.7062D+01  0.4936D+02
     HPO4 -0.2065D+00  0.4871D+00  0.5034D-01  0.4017D+00 -0.1562D+00
    H2PO4  0.1973D+01  0.1280D+01  0.1014D+01  0.2382D+01  0.2988D+01
     UREA  0.9158D+00  0.9158D+00  0.1449D+02  0.1536D+02  0.1541D+02
     NH3  -0.1676D+01 -0.1702D+01 -0.1425D+00 -0.3801D+00 -0.1818D+01
     NH4  -0.7660D+01 -0.6645D+01 -0.1025D+01 -0.8875D+01 -0.8686D+01
      H   -0.5367D+02 -0.5676D+00  0.1225D-01  0.1272D+00 -0.5366D+02
     HCO2 -0.1087D+02  0.2279D+00  0.4872D+01  0.4731D+01 -0.5994D+01
    H2CO2  0.1074D+02 -0.3530D+00  0.5922D-02  0.3556D-02  0.1075D+02
     GLUC  0.3195D+01  0.3195D+01 -0.3192D+01 -0.4403D-02  0.3156D-02

              CIKMA       CIKSA       JNHE        JNAGLU      JNAPI       JCLF        JCLB        JKCL        JNAB        JNACLB
      NA   0.6912D+02  0.8880D+01  0.6075D+02  0.3195D+01  0.1973D+01                                      0.1775D+02 -0.8868D+01
      K    0.0000D+00  0.8526D+01                                                              0.8526D+01                        
      CL   0.1739D+02  0.1739D+02                                      0.1087D+02  0.6528D+01  0.8526D+01              0.8868D+01
     HCO3 -0.6528D+01  0.3551D+02                                                 -0.6528D+01              0.5324D+02 -0.1774D+02
    H2CO3  0.0000D+00  0.0000D+00                                                                                                
     CO2   0.0000D+00  0.0000D+00                                                                                                
     HPO4  0.0000D+00  0.0000D+00                          0.1973D+01                                                            
    H2PO4  0.1973D+01  0.0000D+00                                                                                                
     UREA  0.0000D+00  0.0000D+00                                                                                                
     NH3   0.0000D+00  0.0000D+00                                                                                                
     NH4  -0.7894D+01  0.0000D+00 -0.7894D+01                                                                                    
      H   -0.5286D+02  0.0000D+00 -0.5286D+02                                                                                    
     HCO2 -0.1087D+02  0.0000D+00                                     -0.1087D+02                                                
    H2CO2  0.0000D+00  0.0000D+00                                                                                                
     GLUC  0.3195D+01  0.0000D+00              0.3195D+01                                                                        

              PIKMA       PIKSA
      NA   0.0000D+00  0.6115D+02
      K    0.0000D+00 -0.3494D+02
      CL   0.0000D+00  0.0000D+00
     HCO3  0.0000D+00  0.0000D+00
    H2CO3  0.0000D+00  0.0000D+00
     CO2   0.0000D+00  0.0000D+00
     HPO4  0.0000D+00  0.0000D+00
    H2PO4  0.0000D+00  0.0000D+00
     UREA  0.0000D+00  0.0000D+00
     NH3   0.0000D+00  0.0000D+00
     NH4   0.0000D+00 -0.5845D+01
      H   -0.1823D+01  0.0000D+00
     HCO2  0.0000D+00  0.0000D+00
    H2CO2  0.0000D+00  0.0000D+00
     GLUC  0.0000D+00  0.0000D+00

              GIKMA       GIKSA
      NA   0.0000D+00 -0.9134D+00
      K   -0.2531D+01  0.2389D+02
      CL   0.0000D+00 -0.1732D-13
     HCO3 -0.2953D+00  0.1064D-12
    H2CO3  0.1042D+00 -0.2100D-03
     CO2   0.4879D+02  0.6564D+01
     HPO4 -0.2065D+00  0.4871D+00
    H2PO4 -0.4441D-15  0.1280D+01
     UREA  0.9158D+00  0.9158D+00
     NH3  -0.1676D+01 -0.1702D+01
     NH4   0.2344D+00 -0.8001D+00
      H    0.1013D+01 -0.5676D+00
     HCO2  0.0000D+00  0.2279D+00
    H2CO2  0.1074D+02 -0.3530D+00
     GLUC  0.2220D-14  0.3195D+01
1
              FIVMA       FIVSA       FEVM        FEVS        FLUXV
           0.2782D-04  0.2782D-04  0.7072D-04  0.9610D-04  0.9854D-04


              FIKMA       FIKSA       FEKM        FEKS        FLUXS
      NA   0.1617D-05  0.1617D-05  0.4253D-05  0.5832D-05  0.5870D-05
      K   -0.5610D-07 -0.5610D-07  0.3478D-06  0.2941D-06  0.2917D-06
      CL   0.3299D-06  0.3299D-06  0.4976D-05  0.5292D-05  0.5305D-05
     HCO3 -0.1307D-06  0.8630D-06 -0.3905D-06  0.4429D-06 -0.5212D-06
    H2CO3  0.2406D-08 -0.1951D-10  0.5947D-10  0.3970D-09  0.2466D-08
     CO2   0.1110D-05  0.1188D-06  0.1140D-07  0.1444D-06  0.1121D-05
     HPO4 -0.4186D-08  0.9934D-08  0.1924D-07  0.2717D-07  0.1506D-07
    H2PO4  0.4139D-07  0.2727D-07  0.2243D-07  0.5069D-07  0.6382D-07
     UREA  0.2324D-07  0.2324D-07  0.3418D-06  0.3638D-06  0.3651D-06
     NH3  -0.2130D-07 -0.6336D-07 -0.2919D-08 -0.1063D-07 -0.2422D-07
     NH4  -0.2894D-06 -0.2263D-06  0.8628D-07 -0.1869D-06 -0.2031D-06
      H   -0.1167D-05 -0.1225D-07  0.1509D-09  0.2130D-08 -0.1166D-05
     HCO2 -0.2052D-06  0.4381D-08  0.1192D-06  0.1045D-06 -0.8600D-07
    H2CO2  0.1905D-06 -0.1908D-07  0.9988D-10  0.6832D-10  0.1906D-06
     GLUC  0.6819D-07  0.6819D-07 -0.6814D-07 -0.1731D-09  0.4927D-10

              CIKMA       CIKSA       JNHE        JNAGLU      JNAPI       JCLF        JCLB        JKCL        JNAB        JNACLB
      NA   0.1617D-05  0.2352D-06  0.1439D-05  0.6819D-07  0.4139D-07                                      0.3925D-06 -0.1572D-06
      K    0.0000D+00  0.1726D-06                                                              0.1726D-06                        
      CL   0.3299D-06  0.3299D-06                                      0.2052D-06  0.1247D-06  0.1726D-06              0.1572D-06
     HCO3 -0.1247D-06  0.8630D-06                                                 -0.1247D-06              0.1177D-05 -0.3145D-06
    H2CO3  0.0000D+00  0.0000D+00                                                                                                
     CO2   0.0000D+00  0.0000D+00                                                                                                
     HPO4  0.0000D+00  0.0000D+00                          0.4139D-07                                                            
    H2PO4  0.4139D-07  0.0000D+00                                                                                                
     UREA  0.0000D+00  0.0000D+00                                                                                                
     NH3   0.0000D+00  0.0000D+00                                                                                                
     NH4  -0.3006D-06  0.0000D+00 -0.3006D-06                                                                                    
      H   -0.1138D-05  0.0000D+00 -0.1138D-05                                                                                    
     HCO2 -0.2052D-06  0.0000D+00                                     -0.2052D-06                                                
    H2CO2  0.0000D+00  0.0000D+00                                                                                                
     GLUC  0.6819D-07  0.0000D+00              0.6819D-07                                                                        

              PIKMA       PIKSA
      NA   0.0000D+00  0.1405D-05
      K    0.0000D+00 -0.7435D-06
      CL   0.0000D+00  0.0000D+00
     HCO3  0.0000D+00  0.0000D+00
    H2CO3  0.0000D+00  0.0000D+00
     CO2   0.0000D+00  0.0000D+00
     HPO4  0.0000D+00  0.0000D+00
    H2PO4  0.0000D+00  0.0000D+00
     UREA  0.0000D+00  0.0000D+00
     NH3   0.0000D+00  0.0000D+00
     NH4   0.0000D+00 -0.1938D-06
      H   -0.4605D-07  0.0000D+00
     HCO2  0.0000D+00  0.0000D+00
    H2CO2  0.0000D+00  0.0000D+00
     GLUC  0.0000D+00  0.0000D+00

              GIKMA       GIKSA
      NA   0.0000D+00 -0.2392D-07
      K   -0.5610D-07  0.5148D-06
      CL   0.0000D+00  0.0000D+00
     HCO3 -0.6041D-08  0.0000D+00
    H2CO3  0.2406D-08 -0.1951D-10
     CO2   0.1110D-05  0.1188D-06
     HPO4 -0.4186D-08  0.9934D-08
    H2PO4  0.0000D+00  0.2727D-07
     UREA  0.2324D-07  0.2324D-07
     NH3  -0.2130D-07 -0.6336D-07
     NH4   0.1124D-07 -0.3256D-07
      H    0.1757D-07 -0.1225D-07
     HCO2  0.0000D+00  0.4381D-08
    H2CO2  0.1905D-06 -0.1908D-07
     GLUC  0.0000D+00  0.6819D-07
1
              FIVMA       FIVSA       FEVM        FEVS        FLUXV
           0.1311D+04  0.1311D+04  0.3331D+04  0.4527D+04  0.4641D+04


              FIKMA       FIKSA       FEKM        FEKS        FLUXS
      NA   0.7614D+02  0.7614D+02  0.2003D+03  0.2747D+03  0.2765D+03
      K   -0.2642D+01 -0.2642D+01  0.1638D+02  0.1385D+02  0.1374D+02
      CL   0.1554D+02  0.1554D+02  0.2343D+03  0.2493D+03  0.2499D+03
     HCO3 -0.6156D+01  0.4065D+02 -0.1839D+02  0.2086D+02 -0.2455D+02
    H2CO3  0.1133D+00 -0.9188D-03  0.2801D-02  0.1870D-01  0.1161D+00
     CO2   0.5229D+02  0.5597D+01  0.5369D+00  0.6800D+01  0.5282D+02
     HPO4 -0.1972D+00  0.4679D+00  0.9063D+00  0.1280D+01  0.7091D+00
    H2PO4  0.1949D+01  0.1284D+01  0.1056D+01  0.2388D+01  0.3006D+01
     UREA  0.1094D+01  0.1094D+01  0.1610D+02  0.1714D+02  0.1720D+02
     NH3  -0.1003D+01 -0.2984D+01 -0.1375D+00 -0.5007D+00 -0.1141D+01
     NH4  -0.1363D+02 -0.1066D+02  0.4064D+01 -0.8802D+01 -0.9567D+01
      H   -0.5495D+02 -0.5769D+00  0.7108D-02  0.1003D+00 -0.5494D+02
     HCO2 -0.9665D+01  0.2064D+00  0.5614D+01  0.4923D+01 -0.4051D+01
    H2CO2  0.8973D+01 -0.8987D+00  0.4704D-02  0.3218D-02  0.8977D+01
     GLUC  0.3212D+01  0.3212D+01 -0.3210D+01 -0.8155D-02  0.2321D-02

              CIKMA       CIKSA       JNHE        JNAGLU      JNAPI       JCLF        JCLB        JKCL        JNAB        JNACLB
      NA   0.7614D+02  0.1108D+02  0.6776D+02  0.3212D+01  0.1949D+01                                      0.1849D+02 -0.7406D+01
      K    0.0000D+00  0.8130D+01                                                              0.8130D+01                        
      CL   0.1554D+02  0.1554D+02                                      0.9665D+01  0.5872D+01  0.8130D+01              0.7406D+01
     HCO3 -0.5872D+01  0.4065D+02                                                 -0.5872D+01              0.5546D+02 -0.1481D+02
    H2CO3  0.0000D+00  0.0000D+00                                                                                                
     CO2   0.0000D+00  0.0000D+00                                                                                                
     HPO4  0.0000D+00  0.0000D+00                          0.1949D+01                                                            
    H2PO4  0.1949D+01  0.0000D+00                                                                                                
     UREA  0.0000D+00  0.0000D+00                                                                                                
     NH3   0.0000D+00  0.0000D+00                                                                                                
     NH4  -0.1416D+02  0.0000D+00 -0.1416D+02                                                                                    
      H   -0.5360D+02  0.0000D+00 -0.5360D+02                                                                                    
     HCO2 -0.9665D+01  0.0000D+00                                     -0.9665D+01                                                
    H2CO2  0.0000D+00  0.0000D+00                                                                                                
     GLUC  0.3212D+01  0.0000D+00              0.3212D+01                                                                        

              PIKMA       PIKSA
      NA   0.0000D+00  0.6618D+02
      K    0.0000D+00 -0.3502D+02
      CL   0.0000D+00  0.0000D+00
     HCO3  0.0000D+00  0.0000D+00
    H2CO3  0.0000D+00  0.0000D+00
     CO2   0.0000D+00  0.0000D+00
     HPO4  0.0000D+00  0.0000D+00
    H2PO4  0.0000D+00  0.0000D+00
     UREA  0.0000D+00  0.0000D+00
     NH3   0.0000D+00  0.0000D+00
     NH4   0.0000D+00 -0.9126D+01
      H   -0.2169D+01  0.0000D+00
     HCO2  0.0000D+00  0.0000D+00
    H2CO2  0.0000D+00  0.0000D+00
     GLUC  0.0000D+00  0.0000D+00

              GIKMA       GIKSA
      NA   0.0000D+00 -0.1127D+01
      K   -0.2642D+01  0.2425D+02
      CL   0.1776D-14  0.4297D-13
     HCO3 -0.2846D+00  0.1987D-13
    H2CO3  0.1133D+00 -0.9188D-03
     CO2   0.5229D+02  0.5597D+01
     HPO4 -0.1972D+00  0.4679D+00
    H2PO4 -0.2220D-15  0.1284D+01
     UREA  0.1094D+01  0.1094D+01
     NH3  -0.1003D+01 -0.2984D+01
     NH4   0.5295D+00 -0.1534D+01
      H    0.8274D+00 -0.5769D+00
     HCO2 -0.1776D-14  0.2064D+00
    H2CO2  0.8973D+01 -0.8987D+00
     GLUC  0.8882D-15  0.3212D+01
