    -.92986121974329739000D-02
    -.23168128213917277000D+02
     .14039975754922986000D+00
     .46588115577962914000D-02
     .11197342824513153000D+00
     .25636474589230736000D-01
     .43763606195829449000D+01
     .14987434218220511000D-02
     .29784928918411062000D-02
     .86347869030732073000D-03
     .49057860169750147000D-02
     .26956097766631579000D+01
     .17494901706035428000D+00
     .45946757194568547000D+02
     .80319676249190105000D-03
     .21236199917024053000D+00
     .77953035163444263000D-02
    -.55684061356921397000D+02
     .69300687480091327000D-01
     .19441235214107097000D-01
     .13828804833980154000D+00
     .15805044353261646000D-01
     .25031178556080741000D-01
     .43746246577582610000D+01
     .14988287608163157000D-02
     .85055099125607158000D-02
     .25244112729748955000D-02
     .49552005327086860000D-02
     .34637920174223717000D+01
     .23015000605020877000D+00
     .47039160796978059000D+02
     .42766563562469071000D-03
     .11576143725409490000D+00
     .15105049979539540000D-01
    -.16074946924425259000D+00
     .12000000000000000000D+02
     .14000000000000001000D+00
     .48999999999999998000D-02
     .11322498999999999000D+00
     .24000000000000000000D-01
     .44119999999999981000D+01
     .15000000000000000000D-02
     .29721589999999998000D-02
     .92784099999999999000D-03
     .50000000000000001000D-02
     .28210000000000001000D+01
     .19717899999999999000D+00
     .49479389084537601000D+02
     .10000289999999999000D-02
     .28500000000000003000D+00
     .50000000000000001000D-02
     .50000000000000000000D+00
     .00000000000000000000D+00
