    -.19100968139072554000D+00
     .76199146925519460000D+01
     .14778980829609011000D+00
     .43956874977871445000D-02
     .11854922837798610000D+00
     .29762583739068520000D-01
     .37576818781814020000D+01
     .11975230348477210000D-02
     .19713375607973088000D-02
     .42267896401953955000D-03
     .52573397864382181000D-02
     .10242240944461448000D+02
     .49163642675150537000D+00
     .33982040002087273000D+02
    -.97822049477524473000D+02
     .89030706206843737000D-01
     .13615230795384668000D-01
     .14940147089892830000D+00
     .16616920503052533000D-01
     .17180132824032919000D-01
     .33424653488020479000D+01
     .11974207784111383000D-02
     .95611967332233042000D-02
     .31590238765721299000D-02
     .68188188367432492000D-02
     .16866849051171723000D+02
     .12475961906612416000D+01
     .52364922275235187000D+02
    -.35766863671462854000D+01
     .12000000000000000000D+02
     .35000000000000003000D-01
     .20000000000000000000D-02
     .25879596000000001000D-01
     .80000000000000001000D-02
     .35289999999999972000D+01
     .11999999999999998000D-02
     .22867270000000001000D-02
     .17132729999999999000D-02
     .29999999999999998000D-01
     .18876999999999998000D+02
     .31663229999999997000D+01
     .11873034728875772000D+03
     .99999999999999936000D-01
     .00000000000000000000D+00
