   -0.19437303403643776000D+00
    0.47352730921754906000D+01
    0.14839831182902887000D+00
    0.43995847085116553000D-02
    0.13089362628395698000D+00
    0.18060719479621113000D-01
    0.35178738793377726000D+01
    0.10977565088794779000D-02
    0.18080741145507167000D-02
    0.59808333915680822000D-03
    0.52786459304225152000D-02
    0.50048809834071601000D+01
    0.37062836846943009000D+00
    0.52425826380308045000D+02
   -0.97809774596518877000D+02
    0.93995100297306885000D-01
    0.13546997066225661000D-01
    0.14889748037464969000D+00
    0.19161512302902590000D-01
    0.11557062979236729000D-01
    0.30451084822294025000D+01
    0.10976324345440917000D-02
    0.90463731852968350000D-02
    0.40479025259954242000D-02
    0.68374075078177437000D-02
    0.97231778849094450000D+01
    0.97400952874429413000D+00
    0.70917816547089728000D+02
   -0.49527460690547986000D+01
    0.12000000000000000000D+02
    0.44999999999999998000D-01
    0.20000000000000000000D-02
    0.40489656999999998000D-01
    0.40000000000000000000D-02
    0.32349999999999976000D+01
    0.11000000000000000000D-02
    0.16852180000000000000D-02
    0.23147820000000000000D-02
    0.29999999999999998000D-01
    0.10325000000000001000D+02
    0.31748750000000001000D+01
    0.21767791072775895000D+03
    0.36000000000000000000D+04
    0.00000000000000000000D+00
