 -0.00000000E+00  0.30070001E+00
  0.45000002E-01  0.30070001E+00
  0.90000004E-01  0.30070001E+00
  0.13500001E+00  0.30070001E+00
  0.18000001E+00  0.30070001E+00
  0.22499999E+00  0.30070001E+00
  0.27000001E+00  0.30070001E+00
  0.31500000E+00  0.30070001E+00
  0.36000001E+00  0.30070001E+00
  0.40500000E+00  0.30070001E+00
  0.44999999E+00  0.30070001E+00
  0.49500000E+00  0.30070001E+00
  0.54000002E+00  0.30070001E+00
  0.58499998E+00  0.30070001E+00
  0.63000000E+00  0.30070001E+00
  0.67500001E+00  0.30070001E+00
  0.72000003E+00  0.30070001E+00
  0.76499999E+00  0.30070001E+00
  0.81000000E+00  0.30070001E+00
  0.85500002E+00  0.30070001E+00
  0.89999998E+00  0.30070001E+00
  0.89999998E+00  0.30070001E+00
  0.91000003E+00  0.31680000E+00
  0.92000002E+00  0.33289999E+00
  0.93000001E+00  0.34900001E+00
  0.94000000E+00  0.36520001E+00
  0.94999999E+00  0.38130000E+00
  0.95999998E+00  0.39739999E+00
  0.97000003E+00  0.41350001E+00
  0.98000002E+00  0.42960000E+00
  0.99000001E+00  0.44569999E+00
  0.10000000E+01  0.46180001E+00
  0.10000000E+01  0.46239999E+00
  0.10100000E+01  0.47770000E+00
  0.10200000E+01  0.49309999E+00
  0.10300000E+01  0.50849998E+00
  0.10400000E+01  0.52389997E+00
  0.10500000E+01  0.53930002E+00
  0.10599999E+01  0.55470002E+00
  0.10700001E+01  0.57010001E+00
  0.10800000E+01  0.58550000E+00
  0.10900000E+01  0.60089999E+00
  0.11000000E+01  0.61619997E+00
  0.11000000E+01  0.61619997E+00
  0.11100000E+01  0.60089999E+00
  0.11200000E+01  0.58550000E+00
  0.11300000E+01  0.57010001E+00
  0.11400000E+01  0.55470002E+00
  0.11500000E+01  0.53930002E+00
  0.11600000E+01  0.52389997E+00
  0.11700000E+01  0.50849998E+00
  0.11799999E+01  0.49309999E+00
  0.11900001E+01  0.47770000E+00
  0.12000000E+01  0.46239999E+00
  0.12100000E+01  0.44700000E+00
  0.12200000E+01  0.43160000E+00
  0.12300000E+01  0.41620001E+00
  0.12400000E+01  0.40079999E+00
  0.12500000E+01  0.38540000E+00
  0.12600000E+01  0.37000000E+00
  0.12700000E+01  0.35460001E+00
  0.12800000E+01  0.33930001E+00
  0.12900000E+01  0.32390001E+00
  0.13000000E+01  0.30849999E+00
  0.13000000E+01  0.30849999E+00
  0.13099999E+01  0.30840001E+00
  0.13200001E+01  0.30829999E+00
  0.13300000E+01  0.30820000E+00
  0.13400000E+01  0.30809999E+00
  0.13500000E+01  0.30800000E+00
  0.13600000E+01  0.30790001E+00
  0.13700000E+01  0.30779999E+00
  0.13800000E+01  0.30770001E+00
  0.13900000E+01  0.30759999E+00
  0.14000000E+01  0.30750000E+00
  0.14100000E+01  0.30739999E+00
  0.14200000E+01  0.30730000E+00
  0.14299999E+01  0.30720001E+00
  0.14400001E+01  0.30710000E+00
  0.14500000E+01  0.30700001E+00
  0.14600000E+01  0.30689999E+00
  0.14700000E+01  0.30680001E+00
  0.14800000E+01  0.30669999E+00
  0.14900000E+01  0.30660000E+00
  0.15000000E+01  0.30649999E+00
