1
              FIVMA       FIVSA       FEVM        FEVS        FLUXV
           0.1881D-04  0.1881D-04  0.1960D-04  0.3833D-04  0.3841D-04


              FIKMA       FIKSA       FEKM        FEKS        FLUXS
      NA   0.5746D-05  0.5746D-05  0.9328D-06  0.6497D-05  0.6679D-05
      K   -0.2491D-06 -0.2491D-06  0.1199D-06 -0.1200D-06 -0.1291D-06
      CL   0.1264D-05  0.1264D-05  0.1598D-05  0.2851D-05  0.2862D-05
     HCO3 -0.5850D-06  0.3472D-05 -0.1656D-06  0.3384D-05 -0.7506D-06
    H2CO3  0.1227D-08 -0.1458D-09  0.1160D-10  0.1310D-09  0.1239D-08
     CO2   0.4222D-05  0.1661D-06  0.3043D-08  0.5616D-07  0.4225D-05
     HPO4 -0.1752D-07  0.4242D-07 -0.1086D-08  0.1386D-06 -0.1861D-07
    H2PO4  0.1518D-06  0.9185D-07  0.2295D-08 -0.6730D-08  0.1541D-06
     UREA  0.6786D-08  0.6786D-08  0.3646D-07  0.4328D-07  0.4325D-07
     NH3  -0.1148D-07  0.1794D-07  0.8326D-10 -0.2378D-09 -0.1139D-07
     NH4  -0.1845D-06 -0.1247D-06  0.1460D-07 -0.8878D-07 -0.1699D-06
      H   -0.4815D-05 -0.4243D-07  0.3114D-10 -0.2698D-08 -0.4815D-05
     HCO2 -0.7093D-06  0.6629D-08  0.4579D-07 -0.2198D-06 -0.6635D-06
    H2CO2  0.4293D-06 -0.2866D-06  0.2602D-10 -0.1507D-09  0.4293D-06
     GLUC  0.8078D-06  0.8078D-06 -0.1000D-07  0.7702D-06  0.7978D-06

              CIKMA       CIKSA       JNHE        JNAGLU      JNAPI       JCLF        JCLB        JKCL        JNAB        JNACLB
      NA   0.5033D-05  0.2521D-06  0.4786D-05  0.2080D-06  0.3909D-07                                      0.3899D-06 -0.1378D-06
      K    0.0000D+00  0.1876D-06                                                              0.1876D-06                        
      CL   0.3254D-06  0.3254D-06                                      0.1826D-06  0.1428D-06  0.1876D-06              0.1378D-06
     HCO3 -0.1428D-06  0.8940D-06                                                 -0.1428D-06              0.1170D-05 -0.2756D-06
    H2CO3  0.0000D+00  0.0000D+00                                                                                                
     CO2   0.0000D+00  0.0000D+00                                                                                                
     HPO4  0.0000D+00  0.0000D+00                          0.3909D-07                                                            
    H2PO4  0.3909D-07  0.0000D+00                                                                                                
     UREA  0.0000D+00  0.0000D+00                                                                                                
     NH3   0.0000D+00  0.0000D+00                                                                                                
     NH4  -0.1893D-06  0.0000D+00 -0.1893D-06                                                                                    
      H   -0.4597D-05  0.0000D+00 -0.4597D-05                                                                                    
     HCO2 -0.1826D-06  0.0000D+00                                     -0.1826D-06                                                
    H2CO2  0.0000D+00  0.0000D+00                                                                                                
     GLUC  0.2080D-06  0.0000D+00              0.2080D-06                                                                        

              PIKMA       PIKSA
      NA   0.0000D+00  0.4838D-05
      K    0.0000D+00 -0.3114D-05
      CL   0.0000D+00  0.0000D+00
     HCO3  0.0000D+00  0.0000D+00
    H2CO3  0.0000D+00  0.0000D+00
     CO2   0.0000D+00  0.0000D+00
     HPO4  0.0000D+00  0.0000D+00
    H2PO4  0.0000D+00  0.0000D+00
     UREA  0.0000D+00  0.0000D+00
     NH3   0.0000D+00  0.0000D+00
     NH4   0.0000D+00 -0.1128D-06
      H   -0.2644D-06  0.0000D+00
     HCO2  0.0000D+00  0.0000D+00
    H2CO2  0.0000D+00  0.0000D+00
     GLUC  0.0000D+00  0.0000D+00

              GIKMA       GIKSA
      NA   0.7125D-06  0.6557D-06
      K   -0.2491D-06  0.2678D-05
      CL   0.9383D-06  0.9383D-06
     HCO3 -0.4422D-06  0.2578D-05
    H2CO3  0.1227D-08 -0.1458D-09
     CO2   0.4222D-05  0.1661D-06
     HPO4 -0.1752D-07  0.4242D-07
    H2PO4  0.1127D-06  0.9185D-07
     UREA  0.6786D-08  0.6786D-08
     NH3  -0.1148D-07  0.1794D-07
     NH4   0.4795D-08 -0.1191D-07
      H    0.4609D-07 -0.4243D-07
     HCO2 -0.5266D-06  0.6629D-08
    H2CO2  0.4293D-06 -0.2866D-06
     GLUC  0.5998D-06  0.8078D-06
1
              FIVMA       FIVSA       FEVM        FEVS        FLUXV
           0.8861D+03  0.8861D+03  0.9232D+03  0.1805D+04  0.1809D+04


              FIKMA       FIKSA       FEKM        FEKS        FLUXS
      NA   0.2706D+03  0.2706D+03  0.4394D+02  0.3060D+03  0.3146D+03
      K   -0.1173D+02 -0.1173D+02  0.5648D+01 -0.5653D+01 -0.6082D+01
      CL   0.5952D+02  0.5952D+02  0.7526D+02  0.1343D+03  0.1348D+03
     HCO3 -0.2755D+02  0.1635D+03 -0.7801D+01  0.1594D+03 -0.3535D+02
    H2CO3  0.5779D-01 -0.6869D-02  0.5464D-03  0.6171D-02  0.5833D-01
     CO2   0.1988D+03  0.7823D+01  0.1433D+00  0.2645D+01  0.1990D+03
     HPO4 -0.8252D+00  0.1998D+01 -0.5117D-01  0.6527D+01 -0.8763D+00
    H2PO4  0.7149D+01  0.4326D+01  0.1081D+00 -0.3170D+00  0.7257D+01
     UREA  0.3196D+00  0.3196D+00  0.1717D+01  0.2039D+01  0.2037D+01
     NH3  -0.5406D+00  0.8450D+00  0.3921D-02 -0.1120D-01 -0.5366D+00
     NH4  -0.8691D+01 -0.5872D+01  0.6876D+00 -0.4181D+01 -0.8003D+01
      H   -0.2268D+03 -0.1998D+01  0.1466D-02 -0.1271D+00 -0.2268D+03
     HCO2 -0.3341D+02  0.3122D+00  0.2157D+01 -0.1035D+02 -0.3125D+02
    H2CO2  0.2022D+02 -0.1350D+02  0.1226D-02 -0.7097D-02  0.2022D+02
     GLUC  0.3805D+02  0.3805D+02 -0.4710D+00  0.3627D+02  0.3758D+02

              CIKMA       CIKSA       JNHE        JNAGLU      JNAPI       JCLF        JCLB        JKCL        JNAB        JNACLB
      NA   0.2371D+03  0.1187D+02  0.2254D+03  0.9797D+01  0.1841D+01                                      0.1836D+02 -0.6490D+01
      K    0.0000D+00  0.8837D+01                                                              0.8837D+01                        
      CL   0.1533D+02  0.1533D+02                                      0.8602D+01  0.6725D+01  0.8837D+01              0.6490D+01
     HCO3 -0.6725D+01  0.4211D+02                                                 -0.6725D+01              0.5509D+02 -0.1298D+02
    H2CO3  0.0000D+00  0.0000D+00                                                                                                
     CO2   0.0000D+00  0.0000D+00                                                                                                
     HPO4  0.0000D+00  0.0000D+00                          0.1841D+01                                                            
    H2PO4  0.1841D+01  0.0000D+00                                                                                                
     UREA  0.0000D+00  0.0000D+00                                                                                                
     NH3   0.0000D+00  0.0000D+00                                                                                                
     NH4  -0.8917D+01  0.0000D+00 -0.8917D+01                                                                                    
      H   -0.2165D+03  0.0000D+00 -0.2165D+03                                                                                    
     HCO2 -0.8602D+01  0.0000D+00                                     -0.8602D+01                                                
    H2CO2  0.0000D+00  0.0000D+00                                                                                                
     GLUC  0.9797D+01  0.0000D+00              0.9797D+01                                                                        

              PIKMA       PIKSA
      NA   0.0000D+00  0.2279D+03
      K    0.0000D+00 -0.1467D+03
      CL   0.0000D+00  0.0000D+00
     HCO3  0.0000D+00  0.0000D+00
    H2CO3  0.0000D+00  0.0000D+00
     CO2   0.0000D+00  0.0000D+00
     HPO4  0.0000D+00  0.0000D+00
    H2PO4  0.0000D+00  0.0000D+00
     UREA  0.0000D+00  0.0000D+00
     NH3   0.0000D+00  0.0000D+00
     NH4   0.0000D+00 -0.5311D+01
      H   -0.1245D+02  0.0000D+00
     HCO2  0.0000D+00  0.0000D+00
    H2CO2  0.0000D+00  0.0000D+00
     GLUC  0.0000D+00  0.0000D+00

              GIKMA       GIKSA
      NA   0.3356D+02  0.3089D+02
      K   -0.1173D+02  0.1261D+03
      CL   0.4419D+02  0.4419D+02
     HCO3 -0.2083D+02  0.1214D+03
    H2CO3  0.5779D-01 -0.6869D-02
     CO2   0.1988D+03  0.7823D+01
     HPO4 -0.8252D+00  0.1998D+01
    H2PO4  0.5308D+01  0.4326D+01
     UREA  0.3196D+00  0.3196D+00
     NH3  -0.5406D+00  0.8450D+00
     NH4   0.2259D+00 -0.5611D+00
      H    0.2171D+01 -0.1998D+01
     HCO2 -0.2480D+02  0.3122D+00
    H2CO2  0.2022D+02 -0.1350D+02
     GLUC  0.2825D+02  0.3805D+02
1
              FIVMA       FIVSA       FEVM        FEVS        FLUXV
           0.6750D-05  0.6750D-05  0.3465D-04  0.4113D-04  0.4140D-04


              FIKMA       FIKSA       FEKM        FEKS        FLUXS
      NA   0.3415D-05  0.3415D-05  0.2373D-05  0.5696D-05  0.5788D-05
      K   -0.1376D-06 -0.1376D-06  0.3883D-06  0.2542D-06  0.2507D-06
      CL   0.9762D-06  0.9762D-06  0.3868D-05  0.4817D-05  0.4844D-05
     HCO3 -0.3928D-06  0.1749D-05 -0.7450D-06  0.9850D-06 -0.1138D-05
    H2CO3  0.2976D-09 -0.9852D-10  0.1617D-10  0.1504D-09  0.3138D-09
     CO2   0.2173D-05  0.3125D-07  0.5284D-08  0.6074D-07  0.2178D-05
     HPO4 -0.1135D-07  0.2719D-07 -0.8936D-08  0.7137D-07 -0.2028D-07
    H2PO4  0.1018D-06  0.6327D-07  0.1114D-07  0.1884D-07  0.1129D-06
     UREA  0.1752D-07  0.1752D-07  0.1446D-06  0.1616D-06  0.1621D-06
     NH3   0.1038D-07  0.2619D-07  0.7714D-09  0.1337D-08  0.1115D-07
     NH4  -0.1299D-06 -0.9202D-07  0.1500D-06  0.8516D-07  0.2010D-07
      H   -0.2783D-05 -0.2731D-07  0.1884D-09 -0.1468D-09 -0.2783D-05
     HCO2 -0.6009D-06  0.1254D-07  0.9834D-07  0.8035D-07 -0.5025D-06
    H2CO2  0.5827D-06 -0.3070D-07  0.1177D-09  0.2768D-10  0.5828D-06
     GLUC  0.4610D-06  0.4610D-06 -0.2825D-07  0.4202D-06  0.4327D-06

              CIKMA       CIKSA       JNHE        JNAGLU      JNAPI       JCLF        JCLB        JKCL        JNAB        JNACLB
      NA   0.3093D-05  0.1787D-06  0.2852D-05  0.1972D-06  0.4355D-07                                      0.3909D-06 -0.2121D-06
      K    0.0000D+00  0.2055D-06                                                              0.2055D-06                        
      CL   0.4176D-06  0.4176D-06                                      0.2571D-06  0.1606D-06  0.2055D-06              0.2121D-06
     HCO3 -0.1606D-06  0.7483D-06                                                 -0.1606D-06              0.1173D-05 -0.4243D-06
    H2CO3  0.0000D+00  0.0000D+00                                                                                                
     CO2   0.0000D+00  0.0000D+00                                                                                                
     HPO4  0.0000D+00  0.0000D+00                          0.4355D-07                                                            
    H2PO4  0.4355D-07  0.0000D+00                                                                                                
     UREA  0.0000D+00  0.0000D+00                                                                                                
     NH3   0.0000D+00  0.0000D+00                                                                                                
     NH4  -0.1374D-06  0.0000D+00 -0.1374D-06                                                                                    
      H   -0.2715D-05  0.0000D+00 -0.2715D-05                                                                                    
     HCO2 -0.2571D-06  0.0000D+00                                     -0.2571D-06                                                
    H2CO2  0.0000D+00  0.0000D+00                                                                                                
     GLUC  0.1972D-06  0.0000D+00              0.1972D-06                                                                        

              PIKMA       PIKSA
      NA   0.0000D+00  0.3039D-05
      K    0.0000D+00 -0.1943D-05
      CL   0.0000D+00  0.0000D+00
     HCO3  0.0000D+00  0.0000D+00
    H2CO3  0.0000D+00  0.0000D+00
     CO2   0.0000D+00  0.0000D+00
     HPO4  0.0000D+00  0.0000D+00
    H2PO4  0.0000D+00  0.0000D+00
     UREA  0.0000D+00  0.0000D+00
     NH3   0.0000D+00  0.0000D+00
     NH4   0.0000D+00 -0.8347D-07
      H   -0.1135D-06  0.0000D+00
     HCO2  0.0000D+00  0.0000D+00
    H2CO2  0.0000D+00  0.0000D+00
     GLUC  0.0000D+00  0.0000D+00

              GIKMA       GIKSA
      NA   0.3220D-06  0.1975D-06
      K   -0.1376D-06  0.1600D-05
      CL   0.5586D-06  0.5586D-06
     HCO3 -0.2322D-06  0.1001D-05
    H2CO3  0.2976D-09 -0.9852D-10
     CO2   0.2173D-05  0.3125D-07
     HPO4 -0.1135D-07  0.2719D-07
    H2PO4  0.5825D-07  0.6327D-07
     UREA  0.1752D-07  0.1752D-07
     NH3   0.1038D-07  0.2619D-07
     NH4   0.7425D-08 -0.8547D-08
      H    0.4499D-07 -0.2731D-07
     HCO2 -0.3438D-06  0.1254D-07
    H2CO2  0.5827D-06 -0.3070D-07
     GLUC  0.2638D-06  0.4610D-06
1
              FIVMA       FIVSA       FEVM        FEVS        FLUXV
           0.3179D+03  0.3179D+03  0.1632D+04  0.1937D+04  0.1950D+04


              FIKMA       FIKSA       FEKM        FEKS        FLUXS
      NA   0.1608D+03  0.1608D+03  0.1118D+03  0.2683D+03  0.2726D+03
      K   -0.6479D+01 -0.6479D+01  0.1829D+02  0.1197D+02  0.1181D+02
      CL   0.4598D+02  0.4598D+02  0.1822D+03  0.2269D+03  0.2282D+03
     HCO3 -0.1850D+02  0.8239D+02 -0.3509D+02  0.4639D+02 -0.5359D+02
    H2CO3  0.1402D-01 -0.4640D-02  0.7616D-03  0.7084D-02  0.1478D-01
     CO2   0.1023D+03  0.1472D+01  0.2489D+00  0.2861D+01  0.1026D+03
     HPO4 -0.5344D+00  0.1281D+01 -0.4209D+00  0.3362D+01 -0.9553D+00
    H2PO4  0.4795D+01  0.2980D+01  0.5245D+00  0.8875D+00  0.5320D+01
     UREA  0.8253D+00  0.8253D+00  0.6809D+01  0.7612D+01  0.7634D+01
     NH3   0.4887D+00  0.1233D+01  0.3634D-01  0.6297D-01  0.5250D+00
     NH4  -0.6120D+01 -0.4334D+01  0.7066D+01  0.4011D+01  0.9467D+00
      H   -0.1311D+03 -0.1286D+01  0.8876D-02 -0.6913D-02 -0.1311D+03
     HCO2 -0.2830D+02  0.5904D+00  0.4632D+01  0.3785D+01 -0.2367D+02
    H2CO2  0.2745D+02 -0.1446D+01  0.5545D-02  0.1304D-02  0.2745D+02
     GLUC  0.2171D+02  0.2171D+02 -0.1331D+01  0.1979D+02  0.2038D+02

              CIKMA       CIKSA       JNHE        JNAGLU      JNAPI       JCLF        JCLB        JKCL        JNAB        JNACLB
      NA   0.1457D+03  0.8418D+01  0.1343D+03  0.9289D+01  0.2051D+01                                      0.1841D+02 -0.9992D+01
      K    0.0000D+00  0.9679D+01                                                              0.9679D+01                        
      CL   0.1967D+02  0.1967D+02                                      0.1211D+02  0.7563D+01  0.9679D+01              0.9992D+01
     HCO3 -0.7563D+01  0.3525D+02                                                 -0.7563D+01              0.5523D+02 -0.1998D+02
    H2CO3  0.0000D+00  0.0000D+00                                                                                                
     CO2   0.0000D+00  0.0000D+00                                                                                                
     HPO4  0.0000D+00  0.0000D+00                          0.2051D+01                                                            
    H2PO4  0.2051D+01  0.0000D+00                                                                                                
     UREA  0.0000D+00  0.0000D+00                                                                                                
     NH3   0.0000D+00  0.0000D+00                                                                                                
     NH4  -0.6469D+01  0.0000D+00 -0.6469D+01                                                                                    
      H   -0.1279D+03  0.0000D+00 -0.1279D+03                                                                                    
     HCO2 -0.1211D+02  0.0000D+00                                     -0.1211D+02                                                
    H2CO2  0.0000D+00  0.0000D+00                                                                                                
     GLUC  0.9289D+01  0.0000D+00              0.9289D+01                                                                        

              PIKMA       PIKSA
      NA   0.0000D+00  0.1431D+03
      K    0.0000D+00 -0.9153D+02
      CL   0.0000D+00  0.0000D+00
     HCO3  0.0000D+00  0.0000D+00
    H2CO3  0.0000D+00  0.0000D+00
     CO2   0.0000D+00  0.0000D+00
     HPO4  0.0000D+00  0.0000D+00
    H2PO4  0.0000D+00  0.0000D+00
     UREA  0.0000D+00  0.0000D+00
     NH3   0.0000D+00  0.0000D+00
     NH4   0.0000D+00 -0.3931D+01
      H   -0.5345D+01  0.0000D+00
     HCO2  0.0000D+00  0.0000D+00
    H2CO2  0.0000D+00  0.0000D+00
     GLUC  0.0000D+00  0.0000D+00

              GIKMA       GIKSA
      NA   0.1517D+02  0.9302D+01
      K   -0.6479D+01  0.7537D+02
      CL   0.2631D+02  0.2631D+02
     HCO3 -0.1094D+02  0.4714D+02
    H2CO3  0.1402D-01 -0.4640D-02
     CO2   0.1023D+03  0.1472D+01
     HPO4 -0.5344D+00  0.1281D+01
    H2PO4  0.2744D+01  0.2980D+01
     UREA  0.8253D+00  0.8253D+00
     NH3   0.4887D+00  0.1233D+01
     NH4   0.3497D+00 -0.4026D+00
      H    0.2119D+01 -0.1286D+01
     HCO2 -0.1619D+02  0.5904D+00
    H2CO2  0.2745D+02 -0.1446D+01
     GLUC  0.1242D+02  0.2171D+02
1
              FIVMA       FIVSA       FEVM        FEVS        FLUXV
           0.3460D-06  0.3460D-06  0.2567D-04  0.2598D-04  0.2602D-04


              FIKMA       FIKSA       FEKM        FEKS        FLUXS
      NA   0.1494D-05  0.1494D-05  0.2165D-05  0.3619D-05  0.3658D-05
      K   -0.6276D-07 -0.6276D-07  0.2372D-06  0.1761D-06  0.1745D-06
      CL   0.4024D-06  0.4024D-06  0.3158D-05  0.3549D-05  0.3561D-05
     HCO3 -0.1632D-06  0.8024D-06 -0.6500D-06  0.1638D-06 -0.8132D-06
    H2CO3  0.7447D-10 -0.1719D-10  0.1193D-10  0.8477D-10  0.8639D-10
     CO2   0.1018D-05  0.5205D-07  0.3949D-08  0.3839D-07  0.1022D-05
     HPO4 -0.4944D-08  0.1189D-07 -0.4656D-09  0.3449D-07 -0.5409D-08
    H2PO4  0.4477D-07  0.2794D-07  0.1268D-07  0.1648D-07  0.5745D-07
     UREA  0.9276D-08  0.9276D-08  0.1637D-06  0.1727D-06  0.1730D-06
     NH3  -0.2363D-08  0.6323D-08  0.1983D-09  0.4687D-09 -0.2164D-08
     NH4  -0.5220D-07 -0.3790D-07  0.7289D-07  0.4186D-07  0.2069D-07
      H   -0.1231D-05 -0.1190D-07  0.1567D-09  0.3644D-09 -0.1231D-05
     HCO2 -0.2466D-06  0.4589D-08  0.7458D-07  0.4346D-07 -0.1720D-06
    H2CO2  0.2147D-06 -0.3648D-07  0.9086D-10  0.2208D-10  0.2148D-06
     GLUC  0.1970D-06  0.1970D-06 -0.2696D-07  0.1651D-06  0.1700D-06

              CIKMA       CIKSA       JNHE        JNAGLU      JNAPI       JCLF        JCLB        JKCL        JNAB        JNACLB
      NA   0.1494D-05  0.2026D-06  0.1252D-05  0.1970D-06  0.4477D-07                                      0.3971D-06 -0.1945D-06
      K    0.0000D+00  0.2079D-06                                                              0.2079D-06                        
      CL   0.4024D-06  0.4024D-06                                      0.2466D-06  0.1558D-06  0.2079D-06              0.1945D-06
     HCO3 -0.1558D-06  0.8024D-06                                                 -0.1558D-06              0.1191D-05 -0.3890D-06
    H2CO3  0.0000D+00  0.0000D+00                                                                                                
     CO2   0.0000D+00  0.0000D+00                                                                                                
     HPO4  0.0000D+00  0.0000D+00                          0.4477D-07                                                            
    H2PO4  0.4477D-07  0.0000D+00                                                                                                
     UREA  0.0000D+00  0.0000D+00                                                                                                
     NH3   0.0000D+00  0.0000D+00                                                                                                
     NH4  -0.5434D-07  0.0000D+00 -0.5434D-07                                                                                    
      H   -0.1198D-05  0.0000D+00 -0.1198D-05                                                                                    
     HCO2 -0.2466D-06  0.0000D+00                                     -0.2466D-06                                                
    H2CO2  0.0000D+00  0.0000D+00                                                                                                
     GLUC  0.1970D-06  0.0000D+00              0.1970D-06                                                                        

              PIKMA       PIKSA
      NA   0.0000D+00  0.1309D-05
      K    0.0000D+00 -0.8387D-06
      CL   0.0000D+00  0.0000D+00
     HCO3  0.0000D+00  0.0000D+00
    H2CO3  0.0000D+00  0.0000D+00
     CO2   0.0000D+00  0.0000D+00
     HPO4  0.0000D+00  0.0000D+00
    H2PO4  0.0000D+00  0.0000D+00
     UREA  0.0000D+00  0.0000D+00
     NH3   0.0000D+00  0.0000D+00
     NH4   0.0000D+00 -0.3437D-07
      H   -0.5175D-07  0.0000D+00
     HCO2  0.0000D+00  0.0000D+00
    H2CO2  0.0000D+00  0.0000D+00
     GLUC  0.0000D+00  0.0000D+00

              GIKMA       GIKSA
      NA   0.0000D+00 -0.1779D-07
      K   -0.6276D-07  0.5680D-06
      CL   0.0000D+00  0.0000D+00
     HCO3 -0.7360D-08  0.0000D+00
    H2CO3  0.7447D-10 -0.1719D-10
     CO2   0.1018D-05  0.5205D-07
     HPO4 -0.4944D-08  0.1189D-07
    H2PO4  0.0000D+00  0.2794D-07
     UREA  0.9276D-08  0.9276D-08
     NH3  -0.2363D-08  0.6323D-08
     NH4   0.2144D-08 -0.3537D-08
      H    0.1816D-07 -0.1190D-07
     HCO2  0.0000D+00  0.4589D-08
    H2CO2  0.2147D-06 -0.3648D-07
     GLUC  0.0000D+00  0.1970D-06
1
              FIVMA       FIVSA       FEVM        FEVS        FLUXV
           0.1630D+02  0.1630D+02  0.1209D+04  0.1224D+04  0.1226D+04


              FIKMA       FIKSA       FEKM        FEKS        FLUXS
      NA   0.7036D+02  0.7036D+02  0.1019D+03  0.1705D+03  0.1723D+03
      K   -0.2956D+01 -0.2956D+01  0.1117D+02  0.8293D+01  0.8218D+01
      CL   0.1895D+02  0.1895D+02  0.1488D+03  0.1671D+03  0.1677D+03
     HCO3 -0.7687D+01  0.3779D+02 -0.3061D+02  0.7716D+01 -0.3830D+02
    H2CO3  0.3507D-02 -0.8095D-03  0.5618D-03  0.3993D-02  0.4069D-02
     CO2   0.4793D+02  0.2452D+01  0.1860D+00  0.1808D+01  0.4811D+02
     HPO4 -0.2328D+00  0.5599D+00 -0.2193D-01  0.1624D+01 -0.2548D+00
    H2PO4  0.2109D+01  0.1316D+01  0.5972D+00  0.7762D+00  0.2706D+01
     UREA  0.4369D+00  0.4369D+00  0.7712D+01  0.8136D+01  0.8149D+01
     NH3  -0.1113D+00  0.2978D+00  0.9341D-02  0.2208D-01 -0.1019D+00
     NH4  -0.2459D+01 -0.1785D+01  0.3433D+01  0.1971D+01  0.9745D+00
      H   -0.5799D+02 -0.5606D+00  0.7378D-02  0.1716D-01 -0.5798D+02
     HCO2 -0.1161D+02  0.2162D+00  0.3513D+01  0.2047D+01 -0.8101D+01
    H2CO2  0.1011D+02 -0.1718D+01  0.4280D-02  0.1040D-02  0.1012D+02
     GLUC  0.9278D+01  0.9278D+01 -0.1270D+01  0.7775D+01  0.8009D+01

              CIKMA       CIKSA       JNHE        JNAGLU      JNAPI       JCLF        JCLB        JKCL        JNAB        JNACLB
      NA   0.7036D+02  0.9544D+01  0.5897D+02  0.9278D+01  0.2109D+01                                      0.1871D+02 -0.9161D+01
      K    0.0000D+00  0.9792D+01                                                              0.9792D+01                        
      CL   0.1895D+02  0.1895D+02                                      0.1161D+02  0.7340D+01  0.9792D+01              0.9161D+01
     HCO3 -0.7340D+01  0.3779D+02                                                 -0.7340D+01              0.5612D+02 -0.1832D+02
    H2CO3  0.0000D+00  0.0000D+00                                                                                                
     CO2   0.0000D+00  0.0000D+00                                                                                                
     HPO4  0.0000D+00  0.0000D+00                          0.2109D+01                                                            
    H2PO4  0.2109D+01  0.0000D+00                                                                                                
     UREA  0.0000D+00  0.0000D+00                                                                                                
     NH3   0.0000D+00  0.0000D+00                                                                                                
     NH4  -0.2560D+01  0.0000D+00 -0.2560D+01                                                                                    
      H   -0.5641D+02  0.0000D+00 -0.5641D+02                                                                                    
     HCO2 -0.1161D+02  0.0000D+00                                     -0.1161D+02                                                
    H2CO2  0.0000D+00  0.0000D+00                                                                                                
     GLUC  0.9278D+01  0.0000D+00              0.9278D+01                                                                        

              PIKMA       PIKSA
      NA   0.0000D+00  0.6165D+02
      K    0.0000D+00 -0.3950D+02
      CL   0.0000D+00  0.0000D+00
     HCO3  0.0000D+00  0.0000D+00
    H2CO3  0.0000D+00  0.0000D+00
     CO2   0.0000D+00  0.0000D+00
     HPO4  0.0000D+00  0.0000D+00
    H2PO4  0.0000D+00  0.0000D+00
     UREA  0.0000D+00  0.0000D+00
     NH3   0.0000D+00  0.0000D+00
     NH4   0.0000D+00 -0.1619D+01
      H   -0.2438D+01  0.0000D+00
     HCO2  0.0000D+00  0.0000D+00
    H2CO2  0.0000D+00  0.0000D+00
     GLUC  0.0000D+00  0.0000D+00

              GIKMA       GIKSA
      NA   0.1421D-13 -0.8378D+00
      K   -0.2956D+01  0.2675D+02
      CL   0.3553D-14  0.2209D-13
     HCO3 -0.3467D+00 -0.6528D-13
    H2CO3  0.3507D-02 -0.8095D-03
     CO2   0.4793D+02  0.2452D+01
     HPO4 -0.2328D+00  0.5599D+00
    H2PO4  0.0000D+00  0.1316D+01
     UREA  0.4369D+00  0.4369D+00
     NH3  -0.1113D+00  0.2978D+00
     NH4   0.1010D+00 -0.1666D+00
      H    0.8555D+00 -0.5606D+00
     HCO2  0.0000D+00  0.2162D+00
    H2CO2  0.1011D+02 -0.1718D+01
     GLUC  0.0000D+00  0.9278D+01
