   -0.39839685933443745591D-01
    0.46843506808955783782D+01
    0.14644082717587991738D+00
    0.45049777077146926918D-02
    0.11953665780411255881D+00
    0.27145743416923325680D-01
    0.47744113456429237985D+01
    0.14987973573126836275D-02
    0.19025831712023695639D-02
    0.56827951614260552825D-03
    0.49592460630150398543D-02
    0.16449571935388909161D+01
    0.10999485708880429868D+00
    0.47338899815958058070D+02
   -0.95199851693765140226D+02
    0.90017769002862971228D-01
    0.12571787939975887990D-01
    0.14799866490875640546D+00
    0.18028679130349310050D-01
    0.14420519810537456296D-01
    0.42423503667773028170D+01
    0.14986054196481520245D-02
    0.94634559760703954728D-02
    0.47279801143640205405D-02
    0.56404397592888944751D-02
    0.20701283049984837703D+01
    0.23153815417958162337D+00
    0.79181857295423355936D+02
   -0.48854645555955080738D+01
    0.25655852292444616403D+01
    0.46138008501662872152D-01
    0.25525381642170978484D-02
    0.35346377122966156359D-01
    0.42412852673442491894D-02
    0.43862269989132274262D+01
    0.15002742063943425976D-02
    0.26332013329528032933D-02
    0.46246401327833582678D-02
    0.15600189022920101997D-01
    0.20038463184239878601D+01
    0.78787571848382320638D+00
    0.27835157732432082867D+03
    0.56117236173139038724D-01
    0.11424775907256183832D-03
