    0.16386205668462247576D+00
    0.84368704235609559561D+01
    0.15562618885565623894D+00
    0.81180119052923025574D-02
    0.13772218158792939868D+00
    0.25301846120718556044D-01
    0.71700991151149056080D+01
    0.24606311349763547620D-02
    0.10042765326802791364D-02
    0.48331505367178116120D-03
    0.72396460194238997435D-02
    0.16443628000376246945D+02
    0.17716187933474318861D+01
    0.76273384311886658793D+02
   -0.70955367450322526679D+02
    0.97145253089618188724D-01
    0.17977828477270117041D-01
    0.14253480007983049260D+00
    0.33089628835396449336D-01
    0.12108748242038768275D-01
    0.71942240048296142163D+01
    0.24609013690176256318D-02
    0.51580807974217690245D-02
    0.52044289112165827496D-02
    0.88905997450035561397D-02
    0.28474765580954990440D+02
    0.64319779197053073005D+01
    0.15991336751175089148D+03
    0.72126249964200548348D+01
    0.83967267774478919762D+01
    0.12959065877797679156D+00
    0.64485544273668107818D-02
    0.12434395087352070886D+00
    0.10230976861552741608D-01
    0.68750647302790621751D+01
    0.23508442962228634499D-02
    0.91155658589964260255D-03
    0.10402645092413957423D-02
    0.18889252921559507997D-01
    0.54755771178558561019D+01
    0.13989083910697017732D+01
    0.18086717560133513416D+03
    0.16108211043377371197D+00
    0.45474106666828354130D-06
