   -0.24727385154277241319D-01
   -0.17106210983099650491D+02
    0.14023977830909359343D+00
    0.44173062401071131952D-02
    0.11039424538529279962D+00
    0.26949193216331490675D-01
    0.43556313437590921112D+01
    0.14925440260714418258D-02
    0.29816037219194497718D-02
    0.81838097665868909762D-03
    0.48128398536822101714D-02
    0.25597757100342040104D+01
    0.15729211249344526857D+00
    0.43501618258984869669D+02
    0.68939314119052688516D-03
    0.17257280640996158771D+00
    0.10265422447437395903D-01
   -0.56709299261652489577D+02
    0.68935515947321029939D-01
    0.18665160826570516978D-01
    0.13863391647342260260D+00
    0.14299866504414008445D-01
    0.25587447080869019089D-01
    0.43509285481615060931D+01
    0.14929710206888040236D-02
    0.88051026017686596231D-02
    0.25426680870369818867D-02
    0.49113172779345990598D-02
    0.33812289001860840187D+01
    0.21858947722729932250D+00
    0.45767275570168855836D+02
    0.37388785620793294276D-03
    0.98468293308165824596D-01
    0.17324887370074718018D-01
   -0.57386002851657358370D+00
    0.15000000000000000000D+02
    0.14000000000000001332D+00
    0.48999999999999998418D-02
    0.11322498999999999758D+00
    0.24000000000000000500D-01
    0.44119999999999981455D+01
    0.15000000000000000312D-02
    0.29721589999999998254D-02
    0.92784099999999999561D-03
    0.50000000000000001041D-02
    0.28210000000000001741D+01
    0.19717899999999999316D+00
    0.49479389084537601207D+02
    0.10000289999999999353D-02
    0.28500000000000003109D+00
    0.50000000000000001041D-02
    0.10000000000000000000D+01
    0.00000000000000000000D+00
