   -0.15707320165668624000D-01
   -0.20908193809616317000D+02
    0.28601593260289231000D+00
    0.11172627805672874000D-01
    0.26826022812018984000D+00
    0.25164361561437548000D-01
    0.35589878201737117000D+01
    0.14819496578003712000D-02
    0.33921918034633962000D-02
    0.81474413558648805000D-03
    0.35631438693180889000D-01
    0.71324472429067654000D+02
    0.38351189492767061000D+01
    0.38066298776592454000D+02
   -0.59477687472409357000D+02
    0.26209042784796598000D+00
    0.51370101602193234000D-01
    0.14141969986166283000D+00
    0.71156981607969668000D-01
    0.20464041624670827000D-01
    0.42289605108753249000D+01
    0.14820277530604344000D-02
    0.19722967325899242000D-01
    0.69217312358218173000D-02
    0.43592593143702319000D-01
    0.86519927543361987000D+02
    0.67976382915511095000D+01
    0.55621447404438569000D+02
   -0.14732480182425240000D+02
    0.62976581275418350000D+01
    0.20605409954803347000D+00
    0.58481639678971741000D-01
    0.19795825615733297000D+00
    0.83919993806764257000D+01
    0.11533013520094694000D+02
    0.14990089158237501000D-02
    0.18562072022085391000D+02
    0.43321532504533501000D-01
    0.48354742303622078000D-01
    0.42604205894124930000D+02
    0.22260239511115923000D+02
    0.36989411756261796000D+03
    0.41052111276287638000D+03
    0.00000000000000000000D+00
