  0.1000D+00  0.2289D-06
  0.0864  0.0000  0.0000
  9.1546  9.0000  9.0000
  0.0000  0.0020  0.0020
   0.143422482   0.140000000   0.140000000
   0.005071523   0.004900000   0.004900000
   0.117130488   0.113225077   0.113225077
   0.021765688   0.024000000   0.024000000
   0.000004442   0.000004412   0.000004412
   0.001519466   0.001500000   0.001500000
   0.003650566   0.002972122   0.002972122
   0.001265257   0.000927878   0.000927878
   0.005969628   0.005000000   0.005000000
   0.000002756   0.000002821   0.000002821
   0.000213838   0.000197179   0.000197179
   0.001245232   0.001000029   0.001000029
   0.000000394   0.000000285   0.000000285
   0.000412944   0.005000000   0.005000000
  0.1000D+00  0.2351D-06
  0.1623  0.0000  0.0000
  9.4038  9.0000  9.0000
  0.0000  0.0020  0.0020
   0.143338755   0.140000000   0.140000000
   0.005105852   0.004900000   0.004900000
   0.117907739   0.113225077   0.113225077
   0.020881790   0.024000000   0.024000000
   0.000004432   0.000004412   0.000004412
   0.001516066   0.001500000   0.001500000
   0.003640405   0.002972122   0.002972122
   0.001312266   0.000927878   0.000927878
   0.006093140   0.005000000   0.005000000
   0.000002770   0.000002821   0.000002821
   0.000223560   0.000197179   0.000197179
   0.001285514   0.001000029   0.001000029
   0.000000423   0.000000285   0.000000285
   0.000304027   0.005000000   0.005000000
  0.1000D+00  0.2425D-06
  0.2448  0.0000  0.0000
  9.6992  9.0000  9.0000
  0.0000  0.0020  0.0020
   0.143213152   0.140000000   0.140000000
   0.005142782   0.004900000   0.004900000
   0.118692869   0.113225077   0.113225077
   0.019991651   0.024000000   0.024000000
   0.000004428   0.000004412   0.000004412
   0.001514526   0.001500000   0.001500000
   0.003613714   0.002972122   0.002972122
   0.001359339   0.000927878   0.000927878
   0.006210725   0.005000000   0.005000000
   0.000002785   0.000002821   0.000002821
   0.000234544   0.000197179   0.000197179
   0.001319143   0.001000029   0.001000029
   0.000000453   0.000000285   0.000000285
   0.000227027   0.005000000   0.005000000
  0.1000D+00  0.2511D-06
  0.3320  0.0000  0.0000
 10.0430  9.0000  9.0000
  0.0000  0.0020  0.0020
   0.143053840   0.140000000   0.140000000
   0.005182414   0.004900000   0.004900000
   0.119472326   0.113225077   0.113225077
   0.019113227   0.024000000   0.024000000
   0.000004425   0.000004412   0.000004412
   0.001513421   0.001500000   0.001500000
   0.003573260   0.002972122   0.002972122
   0.001404953   0.000927878   0.000927878
   0.006320531   0.005000000   0.005000000
   0.000002803   0.000002821   0.000002821
   0.000246764   0.000197179   0.000197179
   0.001345944   0.001000029   0.001000029
   0.000000483   0.000000285   0.000000285
   0.000173726   0.005000000   0.005000000
  0.1000D+00  0.2609D-06
  0.4219  0.0000  0.0000
 10.4375  9.0000  9.0000
  0.0000  0.0020  0.0020
   0.142868670   0.140000000   0.140000000
   0.005224724   0.004900000   0.004900000
   0.120232545   0.113225077   0.113225077
   0.018263415   0.024000000   0.024000000
   0.000004423   0.000004412   0.000004412
   0.001512471   0.001500000   0.001500000
   0.003521583   0.002972122   0.002972122
   0.001448240   0.000927878   0.000927878
   0.006420908   0.005000000   0.005000000
   0.000002826   0.000002821   0.000002821
   0.000260162   0.000197179   0.000197179
   0.001366143   0.001000029   0.001000029
   0.000000512   0.000000285   0.000000285
   0.000137274   0.005000000   0.005000000
  0.1000D+00  0.2721D-06
  0.5123  0.0000  0.0000
 10.8842  9.0000  9.0000
  0.0000  0.0020  0.0020
   0.142665346   0.140000000   0.140000000
   0.005269518   0.004900000   0.004900000
   0.120960895   0.113225077   0.113225077
   0.017456898   0.024000000   0.024000000
   0.000004420   0.000004412   0.000004412
   0.001511588   0.001500000   0.001500000
   0.003461426   0.002972122   0.002972122
   0.001488489   0.000927878   0.000927878
   0.006510526   0.005000000   0.005000000
   0.000002853   0.000002821   0.000002821
   0.000274645   0.000197179   0.000197179
   0.001380329   0.001000029   0.001000029
   0.000000541   0.000000285   0.000000285
   0.000112356   0.005000000   0.005000000
  0.1000D+00  0.2846D-06
  0.6012  0.0000  0.0000
 11.3840  9.0000  9.0000
  0.0000  0.0020  0.0020
   0.142451196   0.140000000   0.140000000
   0.005316427   0.004900000   0.004900000
   0.121646454   0.113225077   0.113225077
   0.016705445   0.024000000   0.024000000
   0.000004418   0.000004412   0.000004412
   0.001510741   0.001500000   0.001500000
   0.003395633   0.002972122   0.002972122
   0.001525118   0.000927878   0.000927878
   0.006588476   0.005000000   0.005000000
   0.000002885   0.000002821   0.000002821
   0.000290072   0.000197179   0.000197179
   0.001389370   0.001000029   0.001000029
   0.000000569   0.000000285   0.000000285
   0.000095143   0.005000000   0.005000000
  0.1000D+00  0.2984D-06
  0.6866  0.0000  0.0000
 11.9370  9.0000  9.0000
  0.0000  0.0020  0.0020
   0.142232892   0.140000000   0.140000000
   0.005364928   0.004900000   0.004900000
   0.122280621   0.113225077   0.113225077
   0.016017496   0.024000000   0.024000000
   0.000004416   0.000004412   0.000004412
   0.001509923   0.001500000   0.001500000
   0.003326958   0.002972122   0.002972122
   0.001557698   0.000927878   0.000927878
   0.006654314   0.005000000   0.005000000
   0.000002922   0.000002821   0.000002821
   0.000306261   0.000197179   0.000197179
   0.001394310   0.001000029   0.001000029
   0.000000595   0.000000285   0.000000285
   0.000083033   0.005000000   0.005000000
  0.1000D+00  0.3136D-06
  0.7672  0.0000  0.0000
 12.5420  9.0000  9.0000
  0.0000  0.0020  0.0020
   0.142016212   0.140000000   0.140000000
   0.005414388   0.004900000   0.004900000
   0.122857510   0.113225077   0.113225077
   0.015398036   0.024000000   0.024000000
   0.000004414   0.000004412   0.000004412
   0.001509134   0.001500000   0.001500000
   0.003257893   0.002972122   0.002972122
   0.001585985   0.000927878   0.000927878
   0.006708081   0.005000000   0.005000000
   0.000002964   0.000002821   0.000002821
   0.000323000   0.000197179   0.000197179
   0.001396247   0.001000029   0.001000029
   0.000000620   0.000000285   0.000000285
   0.000074316   0.005000000   0.005000000
  0.1000D+00  0.3299D-06
  0.8420  0.0000  0.0000
 13.1969  9.0000  9.0000
  0.0000  0.0020  0.0020
   0.141805850   0.140000000   0.140000000
   0.005464131   0.004900000   0.004900000
   0.123374062   0.113225077   0.113225077
   0.014848767   0.024000000   0.024000000
   0.000004412   0.000004412   0.000004412
   0.001508379   0.001500000   0.001500000
   0.003190521   0.002972122   0.002972122
   0.001609917   0.000927878   0.000927878
   0.006750265   0.005000000   0.005000000
   0.000003010   0.000002821   0.000002821
   0.000340062   0.000197179   0.000197179
   0.001396223   0.001000029   0.001000029
   0.000000643   0.000000285   0.000000285
   0.000067890   0.005000000   0.005000000
  0.1000D+00  0.3475D-06
  0.9104  0.0000  0.0000
 13.8986  9.0000  9.0000
  0.0000  0.0020  0.0020
   0.141605336   0.140000000   0.140000000
   0.005513498   0.004900000   0.004900000
   0.123829899   0.113225077   0.113225077
   0.014368506   0.024000000   0.024000000
   0.000004410   0.000004412   0.000004412
   0.001507664   0.001500000   0.001500000
   0.003126434   0.002972122   0.002972122
   0.001629610   0.000927878   0.000927878
   0.006781729   0.005000000   0.005000000
   0.000003061   0.000002821   0.000002821
   0.000357221   0.000197179   0.000197179
   0.001395144   0.001000029   0.001000029
   0.000000663   0.000000285   0.000000285
   0.000063040   0.005000000   0.005000000
  0.1000D+00  0.3661D-06
  0.9721  0.0000  0.0000
 14.6428  9.0000  9.0000
  0.0000  0.0020  0.0020
   0.141417042   0.140000000   0.140000000
   0.005561900   0.004900000   0.004900000
   0.124226972   0.113225077   0.113225077
   0.013953741   0.024000000   0.024000000
   0.000004408   0.000004412   0.000004412
   0.001506991   0.001500000   0.001500000
   0.003066709   0.002972122   0.002972122
   0.001645328   0.000927878   0.000927878
   0.006803610   0.005000000   0.005000000
   0.000003116   0.000002821   0.000002821
   0.000374271   0.000197179   0.000197179
   0.001393729   0.001000029   0.001000029
   0.000000682   0.000000285   0.000000285
   0.000059299   0.005000000   0.005000000
  0.1000D+00  0.3856D-06
  1.0274  0.0000  0.0000
 15.4250  9.0000  9.0000
  0.0000  0.0020  0.0020
   0.141242287   0.140000000   0.140000000
   0.005608861   0.004900000   0.004900000
   0.124569075   0.113225077   0.113225077
   0.013599255   0.024000000   0.024000000
   0.000004407   0.000004412   0.000004412
   0.001506364   0.001500000   0.001500000
   0.003011950   0.002972122   0.002972122
   0.001657442   0.000927878   0.000927878
   0.006817219   0.005000000   0.005000000
   0.000003174   0.000002821   0.000002821
   0.000391037   0.000197179   0.000197179
   0.001392494   0.001000029   0.001000029
   0.000000699   0.000000285   0.000000285
   0.000056353   0.005000000   0.005000000
  0.1000D+00  0.4060D-06
  1.0766  0.0000  0.0000
 16.2400  9.0000  9.0000
  0.0000  0.0020  0.0020
   0.141081498   0.140000000   0.140000000
   0.005654036   0.004900000   0.004900000
   0.124861291   0.113225077   0.113225077
   0.013298754   0.024000000   0.024000000
   0.000004405   0.000004412   0.000004412
   0.001505784   0.001500000   0.001500000
   0.002962353   0.002972122   0.002972122
   0.001666396   0.000927878   0.000927878
   0.006823928   0.005000000   0.005000000
   0.000003235   0.000002821   0.000002821
   0.000407387   0.000197179   0.000197179
   0.001391757   0.001000029   0.001000029
   0.000000714   0.000000285   0.000000285
   0.000053989   0.005000000   0.005000000
  0.1000D+00  0.4271D-06
  1.1203  0.0000  0.0000
 17.0823  9.0000  9.0000
  0.0000  0.0020  0.0020
   0.140934408   0.140000000   0.140000000
   0.005697215   0.004900000   0.004900000
   0.125109469   0.113225077   0.113225077
   0.013045422   0.024000000   0.024000000
   0.000004404   0.000004412   0.000004412
   0.001505248   0.001500000   0.001500000
   0.002917804   0.002972122   0.002972122
   0.001672663   0.000927878   0.000927878
   0.006825086   0.005000000   0.005000000
   0.000003298   0.000002821   0.000002821
   0.000423230   0.000197179   0.000197179
   0.001391677   0.001000029   0.001000029
   0.000000728   0.000000285   0.000000285
   0.000052059   0.005000000   0.005000000
  0.1000D+00  0.4487D-06
  1.1590  0.0000  0.0000
 17.9469  9.0000  9.0000
  0.0000  0.0020  0.0020
   0.140800256   0.140000000   0.140000000
   0.005738312   0.004900000   0.004900000
   0.125319738   0.113225077   0.113225077
   0.012832388   0.024000000   0.024000000
   0.000004402   0.000004412   0.000004412
   0.001504757   0.001500000   0.001500000
   0.002877976   0.002972122   0.002972122
   0.001676715   0.000927878   0.000927878
   0.006821948   0.005000000   0.005000000
   0.000003362   0.000002821   0.000002821
   0.000438517   0.000197179   0.000197179
   0.001392282   0.001000029   0.001000029
   0.000000740   0.000000285   0.000000285
   0.000050458   0.005000000   0.005000000
  0.1000D+00  0.4707D-06
  1.1934  0.0000  0.0000
 18.8286  9.0000  9.0000
  0.0000  0.0020  0.0020
   0.140677969   0.140000000   0.140000000
   0.005777343   0.004900000   0.004900000
   0.125498132   0.113225077   0.113225077
   0.012653077   0.024000000   0.024000000
   0.000004401   0.000004412   0.000004412
   0.001504306   0.001500000   0.001500000
   0.002842411   0.002972122   0.002972122
   0.001678997   0.000927878   0.000927878
   0.006815635   0.005000000   0.005000000
   0.000003427   0.000002821   0.000002821
   0.000453238   0.000197179   0.000197179
   0.001393514   0.001000029   0.001000029
   0.000000751   0.000000285   0.000000285
   0.000049109   0.005000000   0.005000000
  0.1000D+00  0.4931D-06
  1.2242  0.0000  0.0000
 19.7231  9.0000  9.0000
  0.0000  0.0020  0.0020
   0.140566317   0.140000000   0.140000000
   0.005814400   0.004900000   0.004900000
   0.125650308   0.113225077   0.113225077
   0.012501452   0.024000000   0.024000000
   0.000004400   0.000004412   0.000004412
   0.001503893   0.001500000   0.001500000
   0.002810593   0.002972122   0.002972122
   0.001679910   0.000927878   0.000927878
   0.006807104   0.005000000   0.005000000
   0.000003493   0.000002821   0.000002821
   0.000467407   0.000197179   0.000197179
   0.001395264   0.001000029   0.001000029
   0.000000761   0.000000285   0.000000285
   0.000047956   0.005000000   0.005000000
  0.1000D+00  0.5157D-06
  1.2519  0.0000  0.0000
 20.6263  9.0000  9.0000
  0.0000  0.0020  0.0020
   0.140464029   0.140000000   0.140000000
   0.005849628   0.004900000   0.004900000
   0.125781369   0.113225077   0.113225077
   0.012372150   0.024000000   0.024000000
   0.000004399   0.000004412   0.000004412
   0.001503513   0.001500000   0.001500000
   0.002781998   0.002972122   0.002972122
   0.001679803   0.000927878   0.000927878
   0.006797150   0.005000000   0.005000000
   0.000003559   0.000002821   0.000002821
   0.000481061   0.000197179   0.000197179
   0.001397397   0.001000029   0.001000029
   0.000000770   0.000000285   0.000000285
   0.000046957   0.005000000   0.005000000
  0.1000D+00  0.5384D-06
  1.2771  0.0000  0.0000
 21.5349  9.0000  9.0000
  0.0000  0.0020  0.0020
   0.140369875   0.140000000   0.140000000
   0.005883199   0.004900000   0.004900000
   0.125895773   0.113225077   0.113225077
   0.012260540   0.024000000   0.024000000
   0.000004398   0.000004412   0.000004412
   0.001503165   0.001500000   0.001500000
   0.002756130   0.002972122   0.002972122
   0.001678972   0.000927878   0.000927878
   0.006786407   0.005000000   0.005000000
   0.000003624   0.000002821   0.000002821
   0.000494247   0.000197179   0.000197179
   0.001399777   0.001000029   0.001000029
   0.000000778   0.000000285   0.000000285
   0.000046081   0.005000000   0.005000000
  0.1000D+00  0.5612D-06
  1.3002  0.0000  0.0000
 22.4460  9.0000  9.0000
  0.0000  0.0020  0.0020
   0.140282715   0.140000000   0.140000000
   0.005915297   0.004900000   0.004900000
   0.125997314   0.113225077   0.113225077
   0.012162718   0.024000000   0.024000000
   0.000004397   0.000004412   0.000004412
   0.001502845   0.001500000   0.001500000
   0.002732538   0.002972122   0.002972122
   0.001677657   0.000927878   0.000927878
   0.006775370   0.005000000   0.005000000
   0.000003689   0.000002821   0.000002821
   0.000507021   0.000197179   0.000197179
   0.001402275   0.001000029   0.001000029
   0.000000785   0.000000285   0.000000285
   0.000045304   0.005000000   0.005000000
  0.1000D+00  0.5839D-06
  1.3216  0.0000  0.0000
 23.3574  9.0000  9.0000
  0.0000  0.0020  0.0020
   0.140201538   0.140000000   0.140000000
   0.005946106   0.004900000   0.004900000
   0.126089138   0.113225077   0.113225077
   0.012075459   0.024000000   0.024000000
   0.000004396   0.000004412   0.000004412
   0.001502549   0.001500000   0.001500000
   0.002710828   0.002972122   0.002972122
   0.001676049   0.000927878   0.000927878
   0.006764409   0.005000000   0.005000000
   0.000003753   0.000002821   0.000002821
   0.000519439   0.000197179   0.000197179
   0.001404783   0.001000029   0.001000029
   0.000000792   0.000000285   0.000000285
   0.000044607   0.005000000   0.005000000
  0.1000D+00  0.6067D-06
  1.3416  0.0000  0.0000
 24.2671  9.0000  9.0000
  0.0000  0.0020  0.0020
   0.140125447   0.140000000   0.140000000
   0.005975796   0.004900000   0.004900000
   0.126173821   0.113225077   0.113225077
   0.011996149   0.024000000   0.024000000
   0.000004396   0.000004412   0.000004412
   0.001502276   0.001500000   0.001500000
   0.002690663   0.002972122   0.002972122
   0.001674298   0.000927878   0.000927878
   0.006753796   0.005000000   0.005000000
   0.000003816   0.000002821   0.000002821
   0.000531552   0.000197179   0.000197179
   0.001407208   0.001000029   0.001000029
   0.000000799   0.000000285   0.000000285
   0.000043977   0.005000000   0.005000000
  0.1000D+00  0.6293D-06
  1.3605  0.0000  0.0000
 25.1739  9.0000  9.0000
  0.0000  0.0020  0.0020
   0.140053686   0.140000000   0.140000000
   0.006004524   0.004900000   0.004900000
   0.126253411   0.113225077   0.113225077
   0.011922705   0.024000000   0.024000000
   0.000004395   0.000004412   0.000004412
   0.001502022   0.001500000   0.001500000
   0.002671758   0.002972122   0.002972122
   0.001672516   0.000927878   0.000927878
   0.006743718   0.005000000   0.005000000
   0.000003878   0.000002821   0.000002821
   0.000543412   0.000197179   0.000197179
   0.001409479   0.001000029   0.001000029
   0.000000805   0.000000285   0.000000285
   0.000043401   0.005000000   0.005000000
  0.1000D+00  0.6519D-06
  1.3786  0.0000  0.0000
 26.0767  9.0000  9.0000
  0.0000  0.0020  0.0020
   0.139985611   0.140000000   0.140000000
   0.006032428   0.004900000   0.004900000
   0.126329525   0.113225077   0.113225077
   0.011853495   0.024000000   0.024000000
   0.000004394   0.000004412   0.000004412
   0.001501786   0.001500000   0.001500000
   0.002653881   0.002972122   0.002972122
   0.001670784   0.000927878   0.000927878
   0.006734301   0.005000000   0.005000000
   0.000003938   0.000002821   0.000002821
   0.000555061   0.000197179   0.000197179
   0.001411544   0.001000029   0.001000029
   0.000000810   0.000000285   0.000000285
   0.000042872   0.005000000   0.005000000
  0.1000D+00  0.6744D-06
  1.3958  0.0000  0.0000
 26.9746  9.0000  9.0000
  0.0000  0.0020  0.0020
   0.139920687   0.140000000   0.140000000
   0.006059629   0.004900000   0.004900000
   0.126403408   0.113225077   0.113225077
   0.011787257   0.024000000   0.024000000
   0.000004394   0.000004412   0.000004412
   0.001501565   0.001500000   0.001500000
   0.002636839   0.002972122   0.002972122
   0.001669160   0.000927878   0.000927878
   0.006725619   0.005000000   0.005000000
   0.000003998   0.000002821   0.000002821
   0.000566539   0.000197179   0.000197179
   0.001413365   0.001000029   0.001000029
   0.000000816   0.000000285   0.000000285
   0.000042383   0.005000000   0.005000000
  0.1000D+00  0.6967D-06
  1.4125  0.0000  0.0000
 27.8673  9.0000  9.0000
  0.0000  0.0020  0.0020
   0.139858476   0.140000000   0.140000000
   0.006086231   0.004900000   0.004900000
   0.126476002   0.113225077   0.113225077
   0.011723034   0.024000000   0.024000000
   0.000004393   0.000004412   0.000004412
   0.001501358   0.001500000   0.001500000
   0.002620479   0.002972122   0.002972122
   0.001667684   0.000927878   0.000927878
   0.006717711   0.005000000   0.005000000
   0.000004056   0.000002821   0.000002821
   0.000577879   0.000197179   0.000197179
   0.001414919   0.001000029   0.001000029
   0.000000821   0.000000285   0.000000285
   0.000041928   0.005000000   0.005000000
  0.1000D+00  0.7189D-06
  1.4287  0.0000  0.0000
 28.7543  9.0000  9.0000
  0.0000  0.0020  0.0020
   0.139798612   0.140000000   0.140000000
   0.006112318   0.004900000   0.004900000
   0.126548011   0.113225077   0.113225077
   0.011660114   0.024000000   0.024000000
   0.000004393   0.000004412   0.000004412
   0.001501164   0.001500000   0.001500000
   0.002604677   0.002972122   0.002972122
   0.001666378   0.000927878   0.000927878
   0.006710586   0.005000000   0.005000000
   0.000004113   0.000002821   0.000002821
   0.000589108   0.000197179   0.000197179
   0.001416193   0.001000029   0.001000029
   0.000000826   0.000000285   0.000000285
   0.000041502   0.005000000   0.005000000
  0.1000D+00  0.7409D-06
  1.4444  0.0000  0.0000
 29.6355  9.0000  9.0000
  0.0000  0.0020  0.0020
   0.139740800   0.140000000   0.140000000
   0.006137964   0.004900000   0.004900000
   0.126619942   0.113225077   0.113225077
   0.011597981   0.024000000   0.024000000
   0.000004392   0.000004412   0.000004412
   0.001500981   0.001500000   0.001500000
   0.002589333   0.002972122   0.002972122
   0.001665255   0.000927878   0.000927878
   0.006704235   0.005000000   0.005000000
   0.000004169   0.000002821   0.000002821
   0.000600248   0.000197179   0.000197179
   0.001417181   0.001000029   0.001000029
   0.000000831   0.000000285   0.000000285
   0.000041102   0.005000000   0.005000000
  0.1000D+00  0.7628D-06
  1.4598  0.0000  0.0000
 30.5108  9.0000  9.0000
  0.0000  0.0020  0.0020
   0.139684801   0.140000000   0.140000000
   0.006163228   0.004900000   0.004900000
   0.126692147   0.113225077   0.113225077
   0.011536270   0.024000000   0.024000000
   0.000004392   0.000004412   0.000004412
   0.001500808   0.001500000   0.001500000
   0.002574370   0.002972122   0.002972122
   0.001664319   0.000927878   0.000927878
   0.006698637   0.005000000   0.005000000
   0.000004224   0.000002821   0.000002821
   0.000611318   0.000197179   0.000197179
   0.001417886   0.001000029   0.001000029
   0.000000836   0.000000285   0.000000285
   0.000040725   0.005000000   0.005000000
  0.1000D+00  0.7845D-06
  1.4749  0.0000  0.0000
 31.3802  9.0000  9.0000
  0.0000  0.0020  0.0020
   0.139630422   0.140000000   0.140000000
   0.006188158   0.004900000   0.004900000
   0.126764859   0.113225077   0.113225077
   0.011474734   0.024000000   0.024000000
   0.000004391   0.000004412   0.000004412
   0.001500644   0.001500000   0.001500000
   0.002559726   0.002972122   0.002972122
   0.001663568   0.000927878   0.000927878
   0.006693758   0.005000000   0.005000000
   0.000004277   0.000002821   0.000002821
   0.000622334   0.000197179   0.000197179
   0.001418314   0.001000029   0.001000029
   0.000000841   0.000000285   0.000000285
   0.000040368   0.005000000   0.005000000
  0.1000D+00  0.8061D-06
  1.4897  0.0000  0.0000
 32.2437  9.0000  9.0000
  0.0000  0.0020  0.0020
   0.139577504   0.140000000   0.140000000
   0.006212794   0.004900000   0.004900000
   0.126838225   0.113225077   0.113225077
   0.011413218   0.024000000   0.024000000
   0.000004391   0.000004412   0.000004412
   0.001500488   0.001500000   0.001500000
   0.002545354   0.002972122   0.002972122
   0.001662994   0.000927878   0.000927878
   0.006689560   0.005000000   0.005000000
   0.000004330   0.000002821   0.000002821
   0.000633305   0.000197179   0.000197179
   0.001418475   0.001000029   0.001000029
   0.000000845   0.000000285   0.000000285
   0.000040029   0.005000000   0.005000000
  0.1000D+00  0.8275D-06
  1.5043  0.0000  0.0000
 33.1016  9.0000  9.0000
  0.0000  0.0020  0.0020
   0.139525925   0.140000000   0.140000000
   0.006237167   0.004900000   0.004900000
   0.126912313   0.113225077   0.113225077
   0.011351637   0.024000000   0.024000000
   0.000004390   0.000004412   0.000004412
   0.001500341   0.001500000   0.001500000
   0.002531216   0.002972122   0.002972122
   0.001662588   0.000927878   0.000927878
   0.006686004   0.005000000   0.005000000
   0.000004381   0.000002821   0.000002821
   0.000644241   0.000197179   0.000197179
   0.001418381   0.001000029   0.001000029
   0.000000850   0.000000285   0.000000285
   0.000039707   0.005000000   0.005000000
  0.1000D+00  0.8488D-06
  1.5186  0.0000  0.0000
 33.9539  9.0000  9.0000
  0.0000  0.0020  0.0020
   0.139475582   0.140000000   0.140000000
   0.006261302   0.004900000   0.004900000
   0.126987144   0.113225077   0.113225077
   0.011289955   0.024000000   0.024000000
   0.000004390   0.000004412   0.000004412
   0.001500200   0.001500000   0.001500000
   0.002517284   0.002972122   0.002972122
   0.001662339   0.000927878   0.000927878
   0.006683044   0.005000000   0.005000000
   0.000004432   0.000002821   0.000002821
   0.000655149   0.000197179   0.000197179
   0.001418046   0.001000029   0.001000029
   0.000000854   0.000000285   0.000000285
   0.000039400   0.005000000   0.005000000
  0.1000D+00  0.8700D-06
  1.5327  0.0000  0.0000
 34.8009  9.0000  9.0000
  0.0000  0.0020  0.0020
   0.139426396   0.140000000   0.140000000
   0.006285218   0.004900000   0.004900000
   0.127062698   0.113225077   0.113225077
   0.011228176   0.024000000   0.024000000
   0.000004390   0.000004412   0.000004412
   0.001500066   0.001500000   0.001500000
   0.002503537   0.002972122   0.002972122
   0.001662233   0.000927878   0.000927878
   0.006680640   0.005000000   0.005000000
   0.000004481   0.000002821   0.000002821
   0.000666033   0.000197179   0.000197179
   0.001417485   0.001000029   0.001000029
   0.000000858   0.000000285   0.000000285
   0.000039107   0.005000000   0.005000000
  0.1000D+00  0.8911D-06
  1.5466  0.0000  0.0000
 35.6428  9.0000  9.0000
  0.0000  0.0020  0.0020
   0.139378299   0.140000000   0.140000000
   0.006308931   0.004900000   0.004900000
   0.127138929   0.113225077   0.113225077
   0.011166331   0.024000000   0.024000000
   0.000004390   0.000004412   0.000004412
   0.001499938   0.001500000   0.001500000
   0.002489959   0.002972122   0.002972122
   0.001662256   0.000927878   0.000927878
   0.006678748   0.005000000   0.005000000
   0.000004529   0.000002821   0.000002821
   0.000676896   0.000197179   0.000197179
   0.001416713   0.001000029   0.001000029
   0.000000863   0.000000285   0.000000285
   0.000038826   0.005000000   0.005000000
  0.1000D+00  0.9120D-06
  1.5603  0.0000  0.0000
 36.4797  9.0000  9.0000
  0.0000  0.0020  0.0020
   0.139331244   0.140000000   0.140000000
   0.006332452   0.004900000   0.004900000
   0.127215768   0.113225077   0.113225077
   0.011104469   0.024000000   0.024000000
   0.000004389   0.000004412   0.000004412
   0.001499815   0.001500000   0.001500000
   0.002476538   0.002972122   0.002972122
   0.001662396   0.000927878   0.000927878
   0.006677328   0.005000000   0.005000000
   0.000004577   0.000002821   0.000002821
   0.000687739   0.000197179   0.000197179
   0.001415747   0.001000029   0.001000029
   0.000000867   0.000000285   0.000000285
   0.000038556   0.005000000   0.005000000
  0.1000D+00  0.9328D-06
  1.5738  0.0000  0.0000
 37.3119  9.0000  9.0000
  0.0000  0.0020  0.0020
   0.139285186   0.140000000   0.140000000
   0.006355789   0.004900000   0.004900000
   0.127293138   0.113225077   0.113225077
   0.011042652   0.024000000   0.024000000
   0.000004389   0.000004412   0.000004412
   0.001499698   0.001500000   0.001500000
   0.002463266   0.002972122   0.002972122
   0.001662639   0.000927878   0.000927878
   0.006676341   0.005000000   0.005000000
   0.000004623   0.000002821   0.000002821
   0.000698564   0.000197179   0.000197179
   0.001414600   0.001000029   0.001000029
   0.000000871   0.000000285   0.000000285
   0.000038298   0.005000000   0.005000000
  0.1000D+00  0.9535D-06
  1.5870  0.0000  0.0000
 38.1396  9.0000  9.0000
  0.0000  0.0020  0.0020
   0.139240092   0.140000000   0.140000000
   0.006378948   0.004900000   0.004900000
   0.127370950   0.113225077   0.113225077
   0.010980949   0.024000000   0.024000000
   0.000004389   0.000004412   0.000004412
   0.001499585   0.001500000   0.001500000
   0.002450137   0.002972122   0.002972122
   0.001662971   0.000927878   0.000927878
   0.006675750   0.005000000   0.005000000
   0.000004669   0.000002821   0.000002821
   0.000709369   0.000197179   0.000197179
   0.001413288   0.001000029   0.001000029
   0.000000875   0.000000285   0.000000285
   0.000038049   0.005000000   0.005000000
  0.1000D+00  0.9741D-06
  1.6001  0.0000  0.0000
 38.9630  9.0000  9.0000
  0.0000  0.0020  0.0020
   0.139195935   0.140000000   0.140000000
   0.006401934   0.004900000   0.004900000
   0.127449111   0.113225077   0.113225077
   0.010919433   0.024000000   0.024000000
   0.000004388   0.000004412   0.000004412
   0.001499478   0.001500000   0.001500000
   0.002437148   0.002972122   0.002972122
   0.001663380   0.000927878   0.000927878
   0.006675519   0.005000000   0.005000000
   0.000004713   0.000002821   0.000002821
   0.000720154   0.000197179   0.000197179
   0.001411826   0.001000029   0.001000029
   0.000000879   0.000000285   0.000000285
   0.000037810   0.005000000   0.005000000
  0.1000D+00  0.9946D-06
  1.6129  0.0000  0.0000
 39.7824  9.0000  9.0000
  0.0000  0.0020  0.0020
   0.139152692   0.140000000   0.140000000
   0.006424747   0.004900000   0.004900000
   0.127527528   0.113225077   0.113225077
   0.010858179   0.024000000   0.024000000
   0.000004388   0.000004412   0.000004412
   0.001499374   0.001500000   0.001500000
   0.002424296   0.002972122   0.002972122
   0.001663854   0.000927878   0.000927878
   0.006675617   0.005000000   0.005000000
   0.000004757   0.000002821   0.000002821
   0.000730918   0.000197179   0.000197179
   0.001410228   0.001000029   0.001000029
   0.000000883   0.000000285   0.000000285
   0.000037579   0.005000000   0.005000000
