   -0.11841833564032126086D-01
   -0.22067206733271223840D+02
    0.14040764865350671697D+00
    0.46141335308720081085D-02
    0.11169812162013643964D+00
    0.25903626804992481436D-01
    0.43757845277216453894D+01
    0.14987558308629099924D-02
    0.29793775034368677815D-02
    0.85471464509213749324D-03
    0.48888415797107443589D-02
    0.26689236846511881218D+01
    0.17140804230204575997D+00
    0.45466907967036881644D+02
    0.77801761649464590276D-03
    0.20355643757530866855D+00
    0.82724832053210593796D-02
   -0.55883014601168142121D+02
    0.69239253479518023116D-01
    0.19284758775463890085D-01
    0.13838320294296405089D+00
    0.15501970528143664552D-01
    0.25158456665045573347D-01
    0.43734082397822691135D+01
    0.14988376869579198448D-02
    0.85640111984225109065D-02
    0.25282121078705889310D-02
    0.49471896993420558936D-02
    0.34468278236731970665D+01
    0.22780082793968914334D+00
    0.46788173276394076083D+02
    0.41602066450182245477D-03
    0.11200850056318084613D+00
    0.15532017938677937854D-01
   -0.22999301767064883606D+00
    0.12383601221810021542D+02
    0.14000000000000001332D+00
    0.48999999999999998418D-02
    0.11322498999999999758D+00
    0.24000000000000000500D-01
    0.44119999999999981455D+01
    0.15000000000000000312D-02
    0.29721589999999998254D-02
    0.92784099999999999561D-03
    0.50000000000000001041D-02
    0.28210000000000001741D+01
    0.19717899999999999316D+00
    0.49479389084537601207D+02
    0.10000289999999999353D-02
    0.28500000000000003109D+00
    0.50000000000000001041D-02
    0.42341701557855426774D+00
    0.00000000000000000000D+00
