   .10000000D+00
   .20000001D+00
   .30000001D+00
   .40000002D+00
   .50000000D+00
   .60000001D+00
   .70000002D+00
   .80000004D+00
   .90000005D+00
   .10000000D+01
   .11000000D+01
   .12000000D+01
   .13000000D+01
   .14000000D+01
   .15000001D+01
   .16000001D+01
   .17000001D+01
   .18000001D+01
   .19000001D+01
   .20000000D+01
   .21000001D+01
   .22000000D+01
   .23000002D+01
   .24000000D+01
   .25000002D+01
   .26000001D+01
   .27000002D+01
   .28000001D+01
   .29000002D+01
   .30000001D+01
