   -0.34807633901992166003D-01
    0.24235351637702620686D+00
    0.14689597260636344522D+00
    0.43937922155315974407D-02
    0.12084940258442193606D+00
    0.26319438158275219874D-01
    0.39059007086458867875D+01
    0.11988038122755651903D-02
    0.19554132684391246910D-02
    0.49281441192600421337D-03
    0.52982825828180651548D-02
    0.50100964910335976654D+01
    0.28267692624112999988D+00
    0.39943365244950641113D+02
   -0.97947684331297026006D+02
    0.93740278498881390856D-01
    0.12604953948995649762D-01
    0.14771656085504206168D+00
    0.17184765057698437457D-01
    0.11606390024451875703D-01
    0.33772589962711538902D+01
    0.11986376995705119892D-02
    0.93396094149729626949D-02
    0.46152600681334783952D-02
    0.68545396211017852253D-02
    0.82399844537761932628D+01
    0.91157684307748698682D+00
    0.78319025196046638371D+02
   -0.53248911432472469940D+01
