     .78121513777893163000D-03
     .17954766869172319000D+02
     .26968536212047856000D+00
     .95828392642910442000D-02
     .24855270129561919000D+00
     .24414429633036170000D-01
     .38342074832234084000D+01
     .14209380081861289000D-02
     .44999824808366034000D-02
     .12001619414880931000D-02
     .94799595521124395000D-02
     .65301895361514896000D+02
     .38990141773605503000D+01
     .42269686581610858000D+02
    -.74898826535898387000D+02
     .15306197532156815000D+00
     .61325824699678804000D-02
     .21486874350818485000D+00
     .50802516082409886000D-01
     .14448957352455073000D-01
     .40489470175669148000D+01
     .14062866568160243000D-02
     .46831392113750452000D-01
     .22286540168129142000D-01
     .90582613834641313000D-02
     .18446522862943458000D+03
     .19652603814188489000D+02
     .75423309454030081000D+02
    -.23339049743136194000D+02
