    0  205   .6000D-08
   .1000D-02   .2000D-01   .1000D+00   .1450D+00   .4960D+02
   .1000D-02   .8000D-04   .1000D+00   .3600D-01   .6000D+00
 1.000  .000   .9000D-02   .3000D-01
 1.000  .000   .7000D-02   .4000D-01
 1.000  .000   .1600D-01   .4000D-01
 1.000  .000   .4000D-02   .2000D-01
 1.000  .000   .1200D-01   .3000D-01
 1.000  .000   .1200D-01   .3000D-01
 1.000  .000   .2000D-02   .2000D-01
 1.000  .000   .2000D-02   .2000D-01
 1.000  .000   .8000D-02   .2000D-01
 1.000  .000   .1000D-01   .2500D-01
 1.000  .000   .7000D-02   .4000D-01
 1.000  .000   .6000D-01   .2000D+00
   .5400D+01   .6000D+00   .8000D-03   .5000D-01  -.1000D+01
   .1450D+02   .4960D+04   .3200D-01   .7500D+01
   .2000D-05   .5000D+01   .1000D-11
   .0000D+00   .0000D+00   .0000D+00
   .7500D-03   .1500D-03
 1.000 1.000   .5638D-04   .2000D-08
 1.000 1.000   .5638D-04   .1500D-04
 1.000 1.000   .2000D-08   .5000D-06
 1.000 1.000   .2000D-08   .2500D-06
 1.000 1.000   .1300D-02   .1300D-02
 1.000 1.000   .1500D+00   .1500D+00
 1.000 1.000   .2000D-08   .2000D-07
 1.000 1.000   .2000D-08   .2000D-07
 1.000 1.000   .3000D-02   .1500D-03
 1.000 1.000   .4000D-02   .4000D-02
 1.000 1.000   .2000D-05   .3000D-05
 1.000 1.000   .2000D-08   .2000D-08
    3   18
    1    1   .1200D-06
    1    3   .1200D-06
    3    3   .1200D-06
    1    1   .6000D-08
    1   12  -.6000D-08
   12   12   .6000D-08
    1    1   .2000D-08
    1    7   .1000D-08
    7    7   .5000D-09
    2    2   .2500D-07
    2    3   .2500D-07
    3    3   .2500D-07
    3    3   .2000D-07
    3    4  -.2000D-07
    4    4   .2000D-07
    1    1   .4000D-08
    1    2   .4000D-08
    1    3   .8000D-08
    2    2   .4000D-08
    2    3   .8000D-08
    3    3   .1600D-07
    0  205   .6000D-08
   .1000D-02   .2000D-01   .1000D+00   .1450D+00   .4960D+02
   .1000D-02   .8000D-04   .1000D+00   .3600D-01   .6000D+00
 1.000  .000   .9000D-02   .3000D-01
 1.000  .000   .7000D-02   .4000D-01
 1.000  .000   .1600D-01   .4000D-01
 1.000  .000   .4000D-02   .2000D-01
 1.000  .000   .1200D-01   .3000D-01
 1.000  .000   .1200D-01   .3000D-01
 1.000  .000   .2000D-02   .2000D-01
 1.000  .000   .2000D-02   .2000D-01
 1.000  .000   .8000D-02   .2000D-01
 1.000  .000   .1000D-01   .2500D-01
 1.000  .000   .7000D-02   .4000D-01
 1.000  .000   .6000D-01   .2000D+00
   .5400D+01   .6000D+00   .8000D-03   .5000D-01  -.1000D+01
   .1450D+02   .4960D+04   .3200D-01   .7500D+01
   .2000D-05   .5000D+01   .1000D-11
   .0000D+00   .0000D+00   .0000D+00
   .7500D-03   .1500D-03
 1.000 1.000   .5376D-04   .2000D-08
 1.000 1.000   .5376D-04   .1500D-04
 1.000 1.000   .2000D-08   .5000D-06
 1.000 1.000   .2000D-08   .2500D-06
 1.000 1.000   .1300D-02   .1300D-02
 1.000 1.000   .1500D+00   .1500D+00
 1.000 1.000   .2000D-08   .2000D-07
 1.000 1.000   .2000D-08   .2000D-07
 1.000 1.000   .3000D-02   .1500D-03
 1.000 1.000   .4000D-02   .4000D-02
 1.000 1.000   .2000D-05   .3000D-05
 1.000 1.000   .2000D-08   .2000D-08
    3   18
    1    1   .1800D-06
    1    3   .1800D-06
    3    3   .1800D-06
    1    1   .6000D-08
    1   12  -.6000D-08
   12   12   .6000D-08
    1    1   .2000D-08
    1    7   .1000D-08
    7    7   .5000D-09
    2    2   .3750D-07
    2    3   .3750D-07
    3    3   .3750D-07
    3    3   .2000D-07
    3    4  -.2000D-07
    4    4   .2000D-07
    1    1   .4000D-08
    1    2   .4000D-08
    1    3   .8000D-08
    2    2   .4000D-08
    2    3   .8000D-08
    3    3   .1600D-07
    0  205   .6000D-08
   .1000D-02   .2000D-01   .1000D+00   .1450D+00   .4960D+02
   .1000D-02   .8000D-04   .1000D+00   .3600D-01   .6000D+00
 1.000  .000   .9000D-02   .3000D-01
 1.000  .000   .7000D-02   .4000D-01
 1.000  .000   .1600D-01   .4000D-01
 1.000  .000   .4000D-02   .2000D-01
 1.000  .000   .1200D-01   .3000D-01
 1.000  .000   .1200D-01   .3000D-01
 1.000  .000   .2000D-02   .2000D-01
 1.000  .000   .2000D-02   .2000D-01
 1.000  .000   .8000D-02   .2000D-01
 1.000  .000   .1000D-01   .2500D-01
 1.000  .000   .7000D-02   .4000D-01
 1.000  .000   .6000D-01   .2000D+00
   .5400D+01   .6000D+00   .8000D-03   .5000D-01  -.1000D+01
   .1450D+02   .4960D+04   .3200D-01   .7500D+01
   .2000D-05   .5000D+01   .1000D-11
   .0000D+00   .0000D+00   .0000D+00
   .7500D-03   .1500D-03
 1.000 1.000   .5096D-04   .2000D-08
 1.000 1.000   .5096D-04   .1500D-04
 1.000 1.000   .2000D-08   .5000D-06
 1.000 1.000   .2000D-08   .2500D-06
 1.000 1.000   .1300D-02   .1300D-02
 1.000 1.000   .1500D+00   .1500D+00
 1.000 1.000   .2000D-08   .2000D-07
 1.000 1.000   .2000D-08   .2000D-07
 1.000 1.000   .3000D-02   .1500D-03
 1.000 1.000   .4000D-02   .4000D-02
 1.000 1.000   .2000D-05   .3000D-05
 1.000 1.000   .2000D-08   .2000D-08
    3   18
    1    1   .2400D-06
    1    3   .2400D-06
    3    3   .2400D-06
    1    1   .6000D-08
    1   12  -.6000D-08
   12   12   .6000D-08
    1    1   .2000D-08
    1    7   .1000D-08
    7    7   .5000D-09
    2    2   .5000D-07
    2    3   .5000D-07
    3    3   .5000D-07
    3    3   .2000D-07
    3    4  -.2000D-07
    4    4   .2000D-07
    1    1   .4000D-08
    1    2   .4000D-08
    1    3   .8000D-08
    2    2   .4000D-08
    2    3   .8000D-08
    3    3   .1600D-07
    0  205   .6000D-08
   .1000D-02   .2000D-01   .1000D+00   .1450D+00   .4960D+02
   .1000D-02   .8000D-04   .1000D+00   .3600D-01   .6000D+00
 1.000  .000   .9000D-02   .3000D-01
 1.000  .000   .7000D-02   .4000D-01
 1.000  .000   .1600D-01   .4000D-01
 1.000  .000   .4000D-02   .2000D-01
 1.000  .000   .1200D-01   .3000D-01
 1.000  .000   .1200D-01   .3000D-01
 1.000  .000   .2000D-02   .2000D-01
 1.000  .000   .2000D-02   .2000D-01
 1.000  .000   .8000D-02   .2000D-01
 1.000  .000   .1000D-01   .2500D-01
 1.000  .000   .7000D-02   .4000D-01
 1.000  .000   .6000D-01   .2000D+00
   .5400D+01   .6000D+00   .8000D-03   .5000D-01  -.1000D+01
   .1450D+02   .4960D+04   .3200D-01   .7500D+01
   .2000D-05   .5000D+01   .1000D-11
   .0000D+00   .0000D+00   .0000D+00
   .7500D-03   .1500D-03
 1.000 1.000   .4807D-04   .2000D-08
 1.000 1.000   .4807D-04   .1500D-04
 1.000 1.000   .2000D-08   .5000D-06
 1.000 1.000   .2000D-08   .2500D-06
 1.000 1.000   .1300D-02   .1300D-02
 1.000 1.000   .1500D+00   .1500D+00
 1.000 1.000   .2000D-08   .2000D-07
 1.000 1.000   .2000D-08   .2000D-07
 1.000 1.000   .3000D-02   .1500D-03
 1.000 1.000   .4000D-02   .4000D-02
 1.000 1.000   .2000D-05   .3000D-05
 1.000 1.000   .2000D-08   .2000D-08
    3   18
    1    1   .3000D-06
    1    3   .3000D-06
    3    3   .3000D-06
    1    1   .6000D-08
    1   12  -.6000D-08
   12   12   .6000D-08
    1    1   .2000D-08
    1    7   .1000D-08
    7    7   .5000D-09
    2    2   .6250D-07
    2    3   .6250D-07
    3    3   .6250D-07
    3    3   .2000D-07
    3    4  -.2000D-07
    4    4   .2000D-07
    1    1   .4000D-08
    1    2   .4000D-08
    1    3   .8000D-08
    2    2   .4000D-08
    2    3   .8000D-08
    3    3   .1600D-07
    0  205   .6000D-08
   .1000D-02   .2000D-01   .1000D+00   .1450D+00   .4960D+02
   .1000D-02   .8000D-04   .1000D+00   .3600D-01   .6000D+00
 1.000  .000   .9000D-02   .3000D-01
 1.000  .000   .7000D-02   .4000D-01
 1.000  .000   .1600D-01   .4000D-01
 1.000  .000   .4000D-02   .2000D-01
 1.000  .000   .1200D-01   .3000D-01
 1.000  .000   .1200D-01   .3000D-01
 1.000  .000   .2000D-02   .2000D-01
 1.000  .000   .2000D-02   .2000D-01
 1.000  .000   .8000D-02   .2000D-01
 1.000  .000   .1000D-01   .2500D-01
 1.000  .000   .7000D-02   .4000D-01
 1.000  .000   .6000D-01   .2000D+00
   .5400D+01   .6000D+00   .8000D-03   .5000D-01  -.1000D+01
   .1450D+02   .4960D+04   .3200D-01   .7500D+01
   .2000D-05   .5000D+01   .1000D-11
   .0000D+00   .0000D+00   .0000D+00
   .7500D-03   .1500D-03
 1.000 1.000   .4514D-04   .2000D-08
 1.000 1.000   .4514D-04   .1500D-04
 1.000 1.000   .2000D-08   .5000D-06
 1.000 1.000   .2000D-08   .2500D-06
 1.000 1.000   .1300D-02   .1300D-02
 1.000 1.000   .1500D+00   .1500D+00
 1.000 1.000   .2000D-08   .2000D-07
 1.000 1.000   .2000D-08   .2000D-07
 1.000 1.000   .3000D-02   .1500D-03
 1.000 1.000   .4000D-02   .4000D-02
 1.000 1.000   .2000D-05   .3000D-05
 1.000 1.000   .2000D-08   .2000D-08
    3   18
    1    1   .3600D-06
    1    3   .3600D-06
    3    3   .3600D-06
    1    1   .6000D-08
    1   12  -.6000D-08
   12   12   .6000D-08
    1    1   .2000D-08
    1    7   .1000D-08
    7    7   .5000D-09
    2    2   .7500D-07
    2    3   .7500D-07
    3    3   .7500D-07
    3    3   .2000D-07
    3    4  -.2000D-07
    4    4   .2000D-07
    1    1   .4000D-08
    1    2   .4000D-08
    1    3   .8000D-08
    2    2   .4000D-08
    2    3   .8000D-08
    3    3   .1600D-07
    0  205   .6000D-08
   .1000D-02   .2000D-01   .1000D+00   .1450D+00   .4960D+02
   .1000D-02   .8000D-04   .1000D+00   .3600D-01   .6000D+00
 1.000  .000   .9000D-02   .3000D-01
 1.000  .000   .7000D-02   .4000D-01
 1.000  .000   .1600D-01   .4000D-01
 1.000  .000   .4000D-02   .2000D-01
 1.000  .000   .1200D-01   .3000D-01
 1.000  .000   .1200D-01   .3000D-01
 1.000  .000   .2000D-02   .2000D-01
 1.000  .000   .2000D-02   .2000D-01
 1.000  .000   .8000D-02   .2000D-01
 1.000  .000   .1000D-01   .2500D-01
 1.000  .000   .7000D-02   .4000D-01
 1.000  .000   .6000D-01   .2000D+00
   .5400D+01   .6000D+00   .8000D-03   .5000D-01  -.1000D+01
   .1450D+02   .4960D+04   .3200D-01   .7500D+01
   .2000D-05   .5000D+01   .1000D-11
   .0000D+00   .0000D+00   .0000D+00
   .7500D-03   .1500D-03
 1.000 1.000   .4220D-04   .2000D-08
 1.000 1.000   .4220D-04   .1500D-04
 1.000 1.000   .2000D-08   .5000D-06
 1.000 1.000   .2000D-08   .2500D-06
 1.000 1.000   .1300D-02   .1300D-02
 1.000 1.000   .1500D+00   .1500D+00
 1.000 1.000   .2000D-08   .2000D-07
 1.000 1.000   .2000D-08   .2000D-07
 1.000 1.000   .3000D-02   .1500D-03
 1.000 1.000   .4000D-02   .4000D-02
 1.000 1.000   .2000D-05   .3000D-05
 1.000 1.000   .2000D-08   .2000D-08
    3   18
    1    1   .4200D-06
    1    3   .4200D-06
    3    3   .4200D-06
    1    1   .6000D-08
    1   12  -.6000D-08
   12   12   .6000D-08
    1    1   .2000D-08
    1    7   .1000D-08
    7    7   .5000D-09
    2    2   .8750D-07
    2    3   .8750D-07
    3    3   .8750D-07
    3    3   .2000D-07
    3    4  -.2000D-07
    4    4   .2000D-07
    1    1   .4000D-08
    1    2   .4000D-08
    1    3   .8000D-08
    2    2   .4000D-08
    2    3   .8000D-08
    3    3   .1600D-07
    0  205   .6000D-08
   .1000D-02   .2000D-01   .1000D+00   .1450D+00   .4960D+02
   .1000D-02   .8000D-04   .1000D+00   .3600D-01   .6000D+00
 1.000  .000   .9000D-02   .3000D-01
 1.000  .000   .7000D-02   .4000D-01
 1.000  .000   .1600D-01   .4000D-01
 1.000  .000   .4000D-02   .2000D-01
 1.000  .000   .1200D-01   .3000D-01
 1.000  .000   .1200D-01   .3000D-01
 1.000  .000   .2000D-02   .2000D-01
 1.000  .000   .2000D-02   .2000D-01
 1.000  .000   .8000D-02   .2000D-01
 1.000  .000   .1000D-01   .2500D-01
 1.000  .000   .7000D-02   .4000D-01
 1.000  .000   .6000D-01   .2000D+00
   .5400D+01   .6000D+00   .8000D-03   .5000D-01  -.1000D+01
   .1450D+02   .4960D+04   .3200D-01   .7500D+01
   .2000D-05   .5000D+01   .1000D-11
   .0000D+00   .0000D+00   .0000D+00
   .7500D-03   .1500D-03
 1.000 1.000   .3928D-04   .2000D-08
 1.000 1.000   .3928D-04   .1500D-04
 1.000 1.000   .2000D-08   .5000D-06
 1.000 1.000   .2000D-08   .2500D-06
 1.000 1.000   .1300D-02   .1300D-02
 1.000 1.000   .1500D+00   .1500D+00
 1.000 1.000   .2000D-08   .2000D-07
 1.000 1.000   .2000D-08   .2000D-07
 1.000 1.000   .3000D-02   .1500D-03
 1.000 1.000   .4000D-02   .4000D-02
 1.000 1.000   .2000D-05   .3000D-05
 1.000 1.000   .2000D-08   .2000D-08
    3   18
    1    1   .4800D-06
    1    3   .4800D-06
    3    3   .4800D-06
    1    1   .6000D-08
    1   12  -.6000D-08
   12   12   .6000D-08
    1    1   .2000D-08
    1    7   .1000D-08
    7    7   .5000D-09
    2    2   .1000D-06
    2    3   .1000D-06
    3    3   .1000D-06
    3    3   .2000D-07
    3    4  -.2000D-07
    4    4   .2000D-07
    1    1   .4000D-08
    1    2   .4000D-08
    1    3   .8000D-08
    2    2   .4000D-08
    2    3   .8000D-08
    3    3   .1600D-07
    0  205   .6000D-08
   .1000D-02   .2000D-01   .1000D+00   .1450D+00   .4960D+02
   .1000D-02   .8000D-04   .1000D+00   .3600D-01   .6000D+00
 1.000  .000   .9000D-02   .3000D-01
 1.000  .000   .7000D-02   .4000D-01
 1.000  .000   .1600D-01   .4000D-01
 1.000  .000   .4000D-02   .2000D-01
 1.000  .000   .1200D-01   .3000D-01
 1.000  .000   .1200D-01   .3000D-01
 1.000  .000   .2000D-02   .2000D-01
 1.000  .000   .2000D-02   .2000D-01
 1.000  .000   .8000D-02   .2000D-01
 1.000  .000   .1000D-01   .2500D-01
 1.000  .000   .7000D-02   .4000D-01
 1.000  .000   .6000D-01   .2000D+00
   .5400D+01   .6000D+00   .8000D-03   .5000D-01  -.1000D+01
   .1450D+02   .4960D+04   .3200D-01   .7500D+01
   .2000D-05   .5000D+01   .1000D-11
   .0000D+00   .0000D+00   .0000D+00
   .7500D-03   .1500D-03
 1.000 1.000   .3640D-04   .2000D-08
 1.000 1.000   .3640D-04   .1500D-04
 1.000 1.000   .2000D-08   .5000D-06
 1.000 1.000   .2000D-08   .2500D-06
 1.000 1.000   .1300D-02   .1300D-02
 1.000 1.000   .1500D+00   .1500D+00
 1.000 1.000   .2000D-08   .2000D-07
 1.000 1.000   .2000D-08   .2000D-07
 1.000 1.000   .3000D-02   .1500D-03
 1.000 1.000   .4000D-02   .4000D-02
 1.000 1.000   .2000D-05   .3000D-05
 1.000 1.000   .2000D-08   .2000D-08
    3   18
    1    1   .5400D-06
    1    3   .5400D-06
    3    3   .5400D-06
    1    1   .6000D-08
    1   12  -.6000D-08
   12   12   .6000D-08
    1    1   .2000D-08
    1    7   .1000D-08
    7    7   .5000D-09
    2    2   .1125D-06
    2    3   .1125D-06
    3    3   .1125D-06
    3    3   .2000D-07
    3    4  -.2000D-07
    4    4   .2000D-07
    1    1   .4000D-08
    1    2   .4000D-08
    1    3   .8000D-08
    2    2   .4000D-08
    2    3   .8000D-08
    3    3   .1600D-07
    0  205   .6000D-08
   .1000D-02   .2000D-01   .1000D+00   .1450D+00   .4960D+02
   .1000D-02   .8000D-04   .1000D+00   .3600D-01   .6000D+00
 1.000  .000   .9000D-02   .3000D-01
 1.000  .000   .7000D-02   .4000D-01
 1.000  .000   .1600D-01   .4000D-01
 1.000  .000   .4000D-02   .2000D-01
 1.000  .000   .1200D-01   .3000D-01
 1.000  .000   .1200D-01   .3000D-01
 1.000  .000   .2000D-02   .2000D-01
 1.000  .000   .2000D-02   .2000D-01
 1.000  .000   .8000D-02   .2000D-01
 1.000  .000   .1000D-01   .2500D-01
 1.000  .000   .7000D-02   .4000D-01
 1.000  .000   .6000D-01   .2000D+00
   .5400D+01   .6000D+00   .8000D-03   .5000D-01  -.1000D+01
   .1450D+02   .4960D+04   .3200D-01   .7500D+01
   .2000D-05   .5000D+01   .1000D-11
   .0000D+00   .0000D+00   .0000D+00
   .7500D-03   .1500D-03
 1.000 1.000   .3356D-04   .2000D-08
 1.000 1.000   .3356D-04   .1500D-04
 1.000 1.000   .2000D-08   .5000D-06
 1.000 1.000   .2000D-08   .2500D-06
 1.000 1.000   .1300D-02   .1300D-02
 1.000 1.000   .1500D+00   .1500D+00
 1.000 1.000   .2000D-08   .2000D-07
 1.000 1.000   .2000D-08   .2000D-07
 1.000 1.000   .3000D-02   .1500D-03
 1.000 1.000   .4000D-02   .4000D-02
 1.000 1.000   .2000D-05   .3000D-05
 1.000 1.000   .2000D-08   .2000D-08
    3   18
    1    1   .6000D-06
    1    3   .6000D-06
    3    3   .6000D-06
    1    1   .6000D-08
    1   12  -.6000D-08
   12   12   .6000D-08
    1    1   .2000D-08
    1    7   .1000D-08
    7    7   .5000D-09
    2    2   .1250D-06
    2    3   .1250D-06
    3    3   .1250D-06
    3    3   .2000D-07
    3    4  -.2000D-07
    4    4   .2000D-07
    1    1   .4000D-08
    1    2   .4000D-08
    1    3   .8000D-08
    2    2   .4000D-08
    2    3   .8000D-08
    3    3   .1600D-07
    0  205   .6000D-08
   .1000D-02   .2000D-01   .1000D+00   .1450D+00   .4960D+02
   .1000D-02   .8000D-04   .1000D+00   .3600D-01   .6000D+00
 1.000  .000   .9000D-02   .3000D-01
 1.000  .000   .7000D-02   .4000D-01
 1.000  .000   .1600D-01   .4000D-01
 1.000  .000   .4000D-02   .2000D-01
 1.000  .000   .1200D-01   .3000D-01
 1.000  .000   .1200D-01   .3000D-01
 1.000  .000   .2000D-02   .2000D-01
 1.000  .000   .2000D-02   .2000D-01
 1.000  .000   .8000D-02   .2000D-01
 1.000  .000   .1000D-01   .2500D-01
 1.000  .000   .7000D-02   .4000D-01
 1.000  .000   .6000D-01   .2000D+00
   .5400D+01   .6000D+00   .8000D-03   .5000D-01  -.1000D+01
   .1450D+02   .4960D+04   .3200D-01   .7500D+01
   .2000D-05   .5000D+01   .1000D-11
   .0000D+00   .0000D+00   .0000D+00
   .7500D-03   .1500D-03
 1.000 1.000   .3077D-04   .2000D-08
 1.000 1.000   .3077D-04   .1500D-04
 1.000 1.000   .2000D-08   .5000D-06
 1.000 1.000   .2000D-08   .2500D-06
 1.000 1.000   .1300D-02   .1300D-02
 1.000 1.000   .1500D+00   .1500D+00
 1.000 1.000   .2000D-08   .2000D-07
 1.000 1.000   .2000D-08   .2000D-07
 1.000 1.000   .3000D-02   .1500D-03
 1.000 1.000   .4000D-02   .4000D-02
 1.000 1.000   .2000D-05   .3000D-05
 1.000 1.000   .2000D-08   .2000D-08
    3   18
    1    1   .6600D-06
    1    3   .6600D-06
    3    3   .6600D-06
    1    1   .6000D-08
    1   12  -.6000D-08
   12   12   .6000D-08
    1    1   .2000D-08
    1    7   .1000D-08
    7    7   .5000D-09
    2    2   .1375D-06
    2    3   .1375D-06
    3    3   .1375D-06
    3    3   .2000D-07
    3    4  -.2000D-07
    4    4   .2000D-07
    1    1   .4000D-08
    1    2   .4000D-08
    1    3   .8000D-08
    2    2   .4000D-08
    2    3   .8000D-08
    3    3   .1600D-07
    0  205   .6000D-08
   .1000D-02   .2000D-01   .1000D+00   .1450D+00   .4960D+02
   .1000D-02   .8000D-04   .1000D+00   .3600D-01   .6000D+00
 1.000  .000   .9000D-02   .3000D-01
 1.000  .000   .7000D-02   .4000D-01
 1.000  .000   .1600D-01   .4000D-01
 1.000  .000   .4000D-02   .2000D-01
 1.000  .000   .1200D-01   .3000D-01
 1.000  .000   .1200D-01   .3000D-01
 1.000  .000   .2000D-02   .2000D-01
 1.000  .000   .2000D-02   .2000D-01
 1.000  .000   .8000D-02   .2000D-01
 1.000  .000   .1000D-01   .2500D-01
 1.000  .000   .7000D-02   .4000D-01
 1.000  .000   .6000D-01   .2000D+00
   .5400D+01   .6000D+00   .8000D-03   .5000D-01  -.1000D+01
   .1450D+02   .4960D+04   .3200D-01   .7500D+01
   .2000D-05   .5000D+01   .1000D-11
   .0000D+00   .0000D+00   .0000D+00
   .7500D-03   .1500D-03
 1.000 1.000   .2805D-04   .2000D-08
 1.000 1.000   .2805D-04   .1500D-04
 1.000 1.000   .2000D-08   .5000D-06
 1.000 1.000   .2000D-08   .2500D-06
 1.000 1.000   .1300D-02   .1300D-02
 1.000 1.000   .1500D+00   .1500D+00
 1.000 1.000   .2000D-08   .2000D-07
 1.000 1.000   .2000D-08   .2000D-07
 1.000 1.000   .3000D-02   .1500D-03
 1.000 1.000   .4000D-02   .4000D-02
 1.000 1.000   .2000D-05   .3000D-05
 1.000 1.000   .2000D-08   .2000D-08
    3   18
    1    1   .7200D-06
    1    3   .7200D-06
    3    3   .7200D-06
    1    1   .6000D-08
    1   12  -.6000D-08
   12   12   .6000D-08
    1    1   .2000D-08
    1    7   .1000D-08
    7    7   .5000D-09
    2    2   .1500D-06
    2    3   .1500D-06
    3    3   .1500D-06
    3    3   .2000D-07
    3    4  -.2000D-07
    4    4   .2000D-07
    1    1   .4000D-08
    1    2   .4000D-08
    1    3   .8000D-08
    2    2   .4000D-08
    2    3   .8000D-08
    3    3   .1600D-07
    0  205   .6000D-08
   .1000D-02   .2000D-01   .1000D+00   .1450D+00   .4960D+02
   .1000D-02   .8000D-04   .1000D+00   .3600D-01   .6000D+00
 1.000  .000   .9000D-02   .3000D-01
 1.000  .000   .7000D-02   .4000D-01
 1.000  .000   .1600D-01   .4000D-01
 1.000  .000   .4000D-02   .2000D-01
 1.000  .000   .1200D-01   .3000D-01
 1.000  .000   .1200D-01   .3000D-01
 1.000  .000   .2000D-02   .2000D-01
 1.000  .000   .2000D-02   .2000D-01
 1.000  .000   .8000D-02   .2000D-01
 1.000  .000   .1000D-01   .2500D-01
 1.000  .000   .7000D-02   .4000D-01
 1.000  .000   .6000D-01   .2000D+00
   .5400D+01   .6000D+00   .8000D-03   .5000D-01  -.1000D+01
   .1450D+02   .4960D+04   .3200D-01   .7500D+01
   .2000D-05   .5000D+01   .1000D-11
   .0000D+00   .0000D+00   .0000D+00
   .7500D-03   .1500D-03
 1.000 1.000   .2540D-04   .2000D-08
 1.000 1.000   .2540D-04   .1500D-04
 1.000 1.000   .2000D-08   .5000D-06
 1.000 1.000   .2000D-08   .2500D-06
 1.000 1.000   .1300D-02   .1300D-02
 1.000 1.000   .1500D+00   .1500D+00
 1.000 1.000   .2000D-08   .2000D-07
 1.000 1.000   .2000D-08   .2000D-07
 1.000 1.000   .3000D-02   .1500D-03
 1.000 1.000   .4000D-02   .4000D-02
 1.000 1.000   .2000D-05   .3000D-05
 1.000 1.000   .2000D-08   .2000D-08
    3   18
    1    1   .7800D-06
    1    3   .7800D-06
    3    3   .7800D-06
    1    1   .6000D-08
    1   12  -.6000D-08
   12   12   .6000D-08
    1    1   .2000D-08
    1    7   .1000D-08
    7    7   .5000D-09
    2    2   .1625D-06
    2    3   .1625D-06
    3    3   .1625D-06
    3    3   .2000D-07
    3    4  -.2000D-07
    4    4   .2000D-07
    1    1   .4000D-08
    1    2   .4000D-08
    1    3   .8000D-08
    2    2   .4000D-08
    2    3   .8000D-08
    3    3   .1600D-07
    0  205   .6000D-08
   .1000D-02   .2000D-01   .1000D+00   .1450D+00   .4960D+02
   .1000D-02   .8000D-04   .1000D+00   .3600D-01   .6000D+00
 1.000  .000   .9000D-02   .3000D-01
 1.000  .000   .7000D-02   .4000D-01
 1.000  .000   .1600D-01   .4000D-01
 1.000  .000   .4000D-02   .2000D-01
 1.000  .000   .1200D-01   .3000D-01
 1.000  .000   .1200D-01   .3000D-01
 1.000  .000   .2000D-02   .2000D-01
 1.000  .000   .2000D-02   .2000D-01
 1.000  .000   .8000D-02   .2000D-01
 1.000  .000   .1000D-01   .2500D-01
 1.000  .000   .7000D-02   .4000D-01
 1.000  .000   .6000D-01   .2000D+00
   .5400D+01   .6000D+00   .8000D-03   .5000D-01  -.1000D+01
   .1450D+02   .4960D+04   .3200D-01   .7500D+01
   .2000D-05   .5000D+01   .1000D-11
   .0000D+00   .0000D+00   .0000D+00
   .7500D-03   .1500D-03
 1.000 1.000   .2283D-04   .2000D-08
 1.000 1.000   .2283D-04   .1500D-04
 1.000 1.000   .2000D-08   .5000D-06
 1.000 1.000   .2000D-08   .2500D-06
 1.000 1.000   .1300D-02   .1300D-02
 1.000 1.000   .1500D+00   .1500D+00
 1.000 1.000   .2000D-08   .2000D-07
 1.000 1.000   .2000D-08   .2000D-07
 1.000 1.000   .3000D-02   .1500D-03
 1.000 1.000   .4000D-02   .4000D-02
 1.000 1.000   .2000D-05   .3000D-05
 1.000 1.000   .2000D-08   .2000D-08
    3   18
    1    1   .8400D-06
    1    3   .8400D-06
    3    3   .8400D-06
    1    1   .6000D-08
    1   12  -.6000D-08
   12   12   .6000D-08
    1    1   .2000D-08
    1    7   .1000D-08
    7    7   .5000D-09
    2    2   .1750D-06
    2    3   .1750D-06
    3    3   .1750D-06
    3    3   .2000D-07
    3    4  -.2000D-07
    4    4   .2000D-07
    1    1   .4000D-08
    1    2   .4000D-08
    1    3   .8000D-08
    2    2   .4000D-08
    2    3   .8000D-08
    3    3   .1600D-07
    0  205   .6000D-08
   .1000D-02   .2000D-01   .1000D+00   .1450D+00   .4960D+02
   .1000D-02   .8000D-04   .1000D+00   .3600D-01   .6000D+00
 1.000  .000   .9000D-02   .3000D-01
 1.000  .000   .7000D-02   .4000D-01
 1.000  .000   .1600D-01   .4000D-01
 1.000  .000   .4000D-02   .2000D-01
 1.000  .000   .1200D-01   .3000D-01
 1.000  .000   .1200D-01   .3000D-01
 1.000  .000   .2000D-02   .2000D-01
 1.000  .000   .2000D-02   .2000D-01
 1.000  .000   .8000D-02   .2000D-01
 1.000  .000   .1000D-01   .2500D-01
 1.000  .000   .7000D-02   .4000D-01
 1.000  .000   .6000D-01   .2000D+00
   .5400D+01   .6000D+00   .8000D-03   .5000D-01  -.1000D+01
   .1450D+02   .4960D+04   .3200D-01   .7500D+01
   .2000D-05   .5000D+01   .1000D-11
   .0000D+00   .0000D+00   .0000D+00
   .7500D-03   .1500D-03
 1.000 1.000   .2035D-04   .2000D-08
 1.000 1.000   .2035D-04   .1500D-04
 1.000 1.000   .2000D-08   .5000D-06
 1.000 1.000   .2000D-08   .2500D-06
 1.000 1.000   .1300D-02   .1300D-02
 1.000 1.000   .1500D+00   .1500D+00
 1.000 1.000   .2000D-08   .2000D-07
 1.000 1.000   .2000D-08   .2000D-07
 1.000 1.000   .3000D-02   .1500D-03
 1.000 1.000   .4000D-02   .4000D-02
 1.000 1.000   .2000D-05   .3000D-05
 1.000 1.000   .2000D-08   .2000D-08
    3   18
    1    1   .9000D-06
    1    3   .9000D-06
    3    3   .9000D-06
    1    1   .6000D-08
    1   12  -.6000D-08
   12   12   .6000D-08
    1    1   .2000D-08
    1    7   .1000D-08
    7    7   .5000D-09
    2    2   .1875D-06
    2    3   .1875D-06
    3    3   .1875D-06
    3    3   .2000D-07
    3    4  -.2000D-07
    4    4   .2000D-07
    1    1   .4000D-08
    1    2   .4000D-08
    1    3   .8000D-08
    2    2   .4000D-08
    2    3   .8000D-08
    3    3   .1600D-07
    0  205   .6000D-08
   .1000D-02   .2000D-01   .1000D+00   .1450D+00   .4960D+02
   .1000D-02   .8000D-04   .1000D+00   .3600D-01   .6000D+00
 1.000  .000   .9000D-02   .3000D-01
 1.000  .000   .7000D-02   .4000D-01
 1.000  .000   .1600D-01   .4000D-01
 1.000  .000   .4000D-02   .2000D-01
 1.000  .000   .1200D-01   .3000D-01
 1.000  .000   .1200D-01   .3000D-01
 1.000  .000   .2000D-02   .2000D-01
 1.000  .000   .2000D-02   .2000D-01
 1.000  .000   .8000D-02   .2000D-01
 1.000  .000   .1000D-01   .2500D-01
 1.000  .000   .7000D-02   .4000D-01
 1.000  .000   .6000D-01   .2000D+00
   .5400D+01   .6000D+00   .8000D-03   .5000D-01  -.1000D+01
   .1450D+02   .4960D+04   .3200D-01   .7500D+01
   .2000D-05   .5000D+01   .1000D-11
   .0000D+00   .0000D+00   .0000D+00
   .7500D-03   .1500D-03
 1.000 1.000   .1796D-04   .2000D-08
 1.000 1.000   .1796D-04   .1500D-04
 1.000 1.000   .2000D-08   .5000D-06
 1.000 1.000   .2000D-08   .2500D-06
 1.000 1.000   .1300D-02   .1300D-02
 1.000 1.000   .1500D+00   .1500D+00
 1.000 1.000   .2000D-08   .2000D-07
 1.000 1.000   .2000D-08   .2000D-07
 1.000 1.000   .3000D-02   .1500D-03
 1.000 1.000   .4000D-02   .4000D-02
 1.000 1.000   .2000D-05   .3000D-05
 1.000 1.000   .2000D-08   .2000D-08
    3   18
    1    1   .9600D-06
    1    3   .9600D-06
    3    3   .9600D-06
    1    1   .6000D-08
    1   12  -.6000D-08
   12   12   .6000D-08
    1    1   .2000D-08
    1    7   .1000D-08
    7    7   .5000D-09
    2    2   .2000D-06
    2    3   .2000D-06
    3    3   .2000D-06
    3    3   .2000D-07
    3    4  -.2000D-07
    4    4   .2000D-07
    1    1   .4000D-08
    1    2   .4000D-08
    1    3   .8000D-08
    2    2   .4000D-08
    2    3   .8000D-08
    3    3   .1600D-07
    0  205   .6000D-08
   .1000D-02   .2000D-01   .1000D+00   .1450D+00   .4960D+02
   .1000D-02   .8000D-04   .1000D+00   .3600D-01   .6000D+00
 1.000  .000   .9000D-02   .3000D-01
 1.000  .000   .7000D-02   .4000D-01
 1.000  .000   .1600D-01   .4000D-01
 1.000  .000   .4000D-02   .2000D-01
 1.000  .000   .1200D-01   .3000D-01
 1.000  .000   .1200D-01   .3000D-01
 1.000  .000   .2000D-02   .2000D-01
 1.000  .000   .2000D-02   .2000D-01
 1.000  .000   .8000D-02   .2000D-01
 1.000  .000   .1000D-01   .2500D-01
 1.000  .000   .7000D-02   .4000D-01
 1.000  .000   .6000D-01   .2000D+00
   .5400D+01   .6000D+00   .8000D-03   .5000D-01  -.1000D+01
   .1450D+02   .4960D+04   .3200D-01   .7500D+01
   .2000D-05   .5000D+01   .1000D-11
   .0000D+00   .0000D+00   .0000D+00
   .7500D-03   .1500D-03
 1.000 1.000   .1567D-04   .2000D-08
 1.000 1.000   .1567D-04   .1500D-04
 1.000 1.000   .2000D-08   .5000D-06
 1.000 1.000   .2000D-08   .2500D-06
 1.000 1.000   .1300D-02   .1300D-02
 1.000 1.000   .1500D+00   .1500D+00
 1.000 1.000   .2000D-08   .2000D-07
 1.000 1.000   .2000D-08   .2000D-07
 1.000 1.000   .3000D-02   .1500D-03
 1.000 1.000   .4000D-02   .4000D-02
 1.000 1.000   .2000D-05   .3000D-05
 1.000 1.000   .2000D-08   .2000D-08
    3   18
    1    1   .1020D-05
    1    3   .1020D-05
    3    3   .1020D-05
    1    1   .6000D-08
    1   12  -.6000D-08
   12   12   .6000D-08
    1    1   .2000D-08
    1    7   .1000D-08
    7    7   .5000D-09
    2    2   .2125D-06
    2    3   .2125D-06
    3    3   .2125D-06
    3    3   .2000D-07
    3    4  -.2000D-07
    4    4   .2000D-07
    1    1   .4000D-08
    1    2   .4000D-08
    1    3   .8000D-08
    2    2   .4000D-08
    2    3   .8000D-08
    3    3   .1600D-07
    0  205   .6000D-08
   .1000D-02   .2000D-01   .1000D+00   .1450D+00   .4960D+02
   .1000D-02   .8000D-04   .1000D+00   .3600D-01   .6000D+00
 1.000  .000   .9000D-02   .3000D-01
 1.000  .000   .7000D-02   .4000D-01
 1.000  .000   .1600D-01   .4000D-01
 1.000  .000   .4000D-02   .2000D-01
 1.000  .000   .1200D-01   .3000D-01
 1.000  .000   .1200D-01   .3000D-01
 1.000  .000   .2000D-02   .2000D-01
 1.000  .000   .2000D-02   .2000D-01
 1.000  .000   .8000D-02   .2000D-01
 1.000  .000   .1000D-01   .2500D-01
 1.000  .000   .7000D-02   .4000D-01
 1.000  .000   .6000D-01   .2000D+00
   .5400D+01   .6000D+00   .8000D-03   .5000D-01  -.1000D+01
   .1450D+02   .4960D+04   .3200D-01   .7500D+01
   .2000D-05   .5000D+01   .1000D-11
   .0000D+00   .0000D+00   .0000D+00
   .7500D-03   .1500D-03
 1.000 1.000   .1348D-04   .2000D-08
 1.000 1.000   .1348D-04   .1500D-04
 1.000 1.000   .2000D-08   .5000D-06
 1.000 1.000   .2000D-08   .2500D-06
 1.000 1.000   .1300D-02   .1300D-02
 1.000 1.000   .1500D+00   .1500D+00
 1.000 1.000   .2000D-08   .2000D-07
 1.000 1.000   .2000D-08   .2000D-07
 1.000 1.000   .3000D-02   .1500D-03
 1.000 1.000   .4000D-02   .4000D-02
 1.000 1.000   .2000D-05   .3000D-05
 1.000 1.000   .2000D-08   .2000D-08
    3   18
    1    1   .1080D-05
    1    3   .1080D-05
    3    3   .1080D-05
    1    1   .6000D-08
    1   12  -.6000D-08
   12   12   .6000D-08
    1    1   .2000D-08
    1    7   .1000D-08
    7    7   .5000D-09
    2    2   .2250D-06
    2    3   .2250D-06
    3    3   .2250D-06
    3    3   .2000D-07
    3    4  -.2000D-07
    4    4   .2000D-07
    1    1   .4000D-08
    1    2   .4000D-08
    1    3   .8000D-08
    2    2   .4000D-08
    2    3   .8000D-08
    3    3   .1600D-07
    0  205   .6000D-08
   .1000D-02   .2000D-01   .1000D+00   .1450D+00   .4960D+02
   .1000D-02   .8000D-04   .1000D+00   .3600D-01   .6000D+00
 1.000  .000   .9000D-02   .3000D-01
 1.000  .000   .7000D-02   .4000D-01
 1.000  .000   .1600D-01   .4000D-01
 1.000  .000   .4000D-02   .2000D-01
 1.000  .000   .1200D-01   .3000D-01
 1.000  .000   .1200D-01   .3000D-01
 1.000  .000   .2000D-02   .2000D-01
 1.000  .000   .2000D-02   .2000D-01
 1.000  .000   .8000D-02   .2000D-01
 1.000  .000   .1000D-01   .2500D-01
 1.000  .000   .7000D-02   .4000D-01
 1.000  .000   .6000D-01   .2000D+00
   .5400D+01   .6000D+00   .8000D-03   .5000D-01  -.1000D+01
   .1450D+02   .4960D+04   .3200D-01   .7500D+01
   .2000D-05   .5000D+01   .1000D-11
   .0000D+00   .0000D+00   .0000D+00
   .7500D-03   .1500D-03
 1.000 1.000   .1141D-04   .2000D-08
 1.000 1.000   .1141D-04   .1500D-04
 1.000 1.000   .2000D-08   .5000D-06
 1.000 1.000   .2000D-08   .2500D-06
 1.000 1.000   .1300D-02   .1300D-02
 1.000 1.000   .1500D+00   .1500D+00
 1.000 1.000   .2000D-08   .2000D-07
 1.000 1.000   .2000D-08   .2000D-07
 1.000 1.000   .3000D-02   .1500D-03
 1.000 1.000   .4000D-02   .4000D-02
 1.000 1.000   .2000D-05   .3000D-05
 1.000 1.000   .2000D-08   .2000D-08
    3   18
    1    1   .1140D-05
    1    3   .1140D-05
    3    3   .1140D-05
    1    1   .6000D-08
    1   12  -.6000D-08
   12   12   .6000D-08
    1    1   .2000D-08
    1    7   .1000D-08
    7    7   .5000D-09
    2    2   .2375D-06
    2    3   .2375D-06
    3    3   .2375D-06
    3    3   .2000D-07
    3    4  -.2000D-07
    4    4   .2000D-07
    1    1   .4000D-08
    1    2   .4000D-08
    1    3   .8000D-08
    2    2   .4000D-08
    2    3   .8000D-08
    3    3   .1600D-07
    0  205   .6000D-08
   .1000D-02   .2000D-01   .1000D+00   .1450D+00   .4960D+02
   .1000D-02   .8000D-04   .1000D+00   .3600D-01   .6000D+00
 1.000  .000   .9000D-02   .3000D-01
 1.000  .000   .7000D-02   .4000D-01
 1.000  .000   .1600D-01   .4000D-01
 1.000  .000   .4000D-02   .2000D-01
 1.000  .000   .1200D-01   .3000D-01
 1.000  .000   .1200D-01   .3000D-01
 1.000  .000   .2000D-02   .2000D-01
 1.000  .000   .2000D-02   .2000D-01
 1.000  .000   .8000D-02   .2000D-01
 1.000  .000   .1000D-01   .2500D-01
 1.000  .000   .7000D-02   .4000D-01
 1.000  .000   .6000D-01   .2000D+00
   .5400D+01   .6000D+00   .8000D-03   .5000D-01  -.1000D+01
   .1450D+02   .4960D+04   .3200D-01   .7500D+01
   .2000D-05   .5000D+01   .1000D-11
   .0000D+00   .0000D+00   .0000D+00
   .7500D-03   .1500D-03
 1.000 1.000   .9452D-05   .2000D-08
 1.000 1.000   .9452D-05   .1500D-04
 1.000 1.000   .2000D-08   .5000D-06
 1.000 1.000   .2000D-08   .2500D-06
 1.000 1.000   .1300D-02   .1300D-02
 1.000 1.000   .1500D+00   .1500D+00
 1.000 1.000   .2000D-08   .2000D-07
 1.000 1.000   .2000D-08   .2000D-07
 1.000 1.000   .3000D-02   .1500D-03
 1.000 1.000   .4000D-02   .4000D-02
 1.000 1.000   .2000D-05   .3000D-05
 1.000 1.000   .2000D-08   .2000D-08
    3   18
    1    1   .1200D-05
    1    3   .1200D-05
    3    3   .1200D-05
    1    1   .6000D-08
    1   12  -.6000D-08
   12   12   .6000D-08
    1    1   .2000D-08
    1    7   .1000D-08
    7    7   .5000D-09
    2    2   .2500D-06
    2    3   .2500D-06
    3    3   .2500D-06
    3    3   .2000D-07
    3    4  -.2000D-07
    4    4   .2000D-07
    1    1   .4000D-08
    1    2   .4000D-08
    1    3   .8000D-08
    2    2   .4000D-08
    2    3   .8000D-08
    3    3   .1600D-07
    0  205   .6000D-08
   .1000D-02   .2000D-01   .1000D+00   .1450D+00   .4960D+02
   .1000D-02   .8000D-04   .1000D+00   .3600D-01   .6000D+00
 1.000  .000   .9000D-02   .3000D-01
 1.000  .000   .7000D-02   .4000D-01
 1.000  .000   .1600D-01   .4000D-01
 1.000  .000   .4000D-02   .2000D-01
 1.000  .000   .1200D-01   .3000D-01
 1.000  .000   .1200D-01   .3000D-01
 1.000  .000   .2000D-02   .2000D-01
 1.000  .000   .2000D-02   .2000D-01
 1.000  .000   .8000D-02   .2000D-01
 1.000  .000   .1000D-01   .2500D-01
 1.000  .000   .7000D-02   .4000D-01
 1.000  .000   .6000D-01   .2000D+00
   .5400D+01   .6000D+00   .8000D-03   .5000D-01  -.1000D+01
   .1450D+02   .4960D+04   .3200D-01   .7500D+01
   .2000D-05   .5000D+01   .1000D-11
   .0000D+00   .0000D+00   .0000D+00
   .7500D-03   .1500D-03
 1.000 1.000   .7613D-05   .2000D-08
 1.000 1.000   .7613D-05   .1500D-04
 1.000 1.000   .2000D-08   .5000D-06
 1.000 1.000   .2000D-08   .2500D-06
 1.000 1.000   .1300D-02   .1300D-02
 1.000 1.000   .1500D+00   .1500D+00
 1.000 1.000   .2000D-08   .2000D-07
 1.000 1.000   .2000D-08   .2000D-07
 1.000 1.000   .3000D-02   .1500D-03
 1.000 1.000   .4000D-02   .4000D-02
 1.000 1.000   .2000D-05   .3000D-05
 1.000 1.000   .2000D-08   .2000D-08
    3   18
    1    1   .1260D-05
    1    3   .1260D-05
    3    3   .1260D-05
    1    1   .6000D-08
    1   12  -.6000D-08
   12   12   .6000D-08
    1    1   .2000D-08
    1    7   .1000D-08
    7    7   .5000D-09
    2    2   .2625D-06
    2    3   .2625D-06
    3    3   .2625D-06
    3    3   .2000D-07
    3    4  -.2000D-07
    4    4   .2000D-07
    1    1   .4000D-08
    1    2   .4000D-08
    1    3   .8000D-08
    2    2   .4000D-08
    2    3   .8000D-08
    3    3   .1600D-07
    0  205   .6000D-08
   .1000D-02   .2000D-01   .1000D+00   .1450D+00   .4960D+02
   .1000D-02   .8000D-04   .1000D+00   .3600D-01   .6000D+00
 1.000  .000   .9000D-02   .3000D-01
 1.000  .000   .7000D-02   .4000D-01
 1.000  .000   .1600D-01   .4000D-01
 1.000  .000   .4000D-02   .2000D-01
 1.000  .000   .1200D-01   .3000D-01
 1.000  .000   .1200D-01   .3000D-01
 1.000  .000   .2000D-02   .2000D-01
 1.000  .000   .2000D-02   .2000D-01
 1.000  .000   .8000D-02   .2000D-01
 1.000  .000   .1000D-01   .2500D-01
 1.000  .000   .7000D-02   .4000D-01
 1.000  .000   .6000D-01   .2000D+00
   .5400D+01   .6000D+00   .8000D-03   .5000D-01  -.1000D+01
   .1450D+02   .4960D+04   .3200D-01   .7500D+01
   .2000D-05   .5000D+01   .1000D-11
   .0000D+00   .0000D+00   .0000D+00
   .7500D-03   .1500D-03
 1.000 1.000   .5897D-05   .2000D-08
 1.000 1.000   .5897D-05   .1500D-04
 1.000 1.000   .2000D-08   .5000D-06
 1.000 1.000   .2000D-08   .2500D-06
 1.000 1.000   .1300D-02   .1300D-02
 1.000 1.000   .1500D+00   .1500D+00
 1.000 1.000   .2000D-08   .2000D-07
 1.000 1.000   .2000D-08   .2000D-07
 1.000 1.000   .3000D-02   .1500D-03
 1.000 1.000   .4000D-02   .4000D-02
 1.000 1.000   .2000D-05   .3000D-05
 1.000 1.000   .2000D-08   .2000D-08
    3   18
    1    1   .1320D-05
    1    3   .1320D-05
    3    3   .1320D-05
    1    1   .6000D-08
    1   12  -.6000D-08
   12   12   .6000D-08
    1    1   .2000D-08
    1    7   .1000D-08
    7    7   .5000D-09
    2    2   .2750D-06
    2    3   .2750D-06
    3    3   .2750D-06
    3    3   .2000D-07
    3    4  -.2000D-07
    4    4   .2000D-07
    1    1   .4000D-08
    1    2   .4000D-08
    1    3   .8000D-08
    2    2   .4000D-08
    2    3   .8000D-08
    3    3   .1600D-07
    0  205   .6000D-08
   .1000D-02   .2000D-01   .1000D+00   .1450D+00   .4960D+02
   .1000D-02   .8000D-04   .1000D+00   .3600D-01   .6000D+00
 1.000  .000   .9000D-02   .3000D-01
 1.000  .000   .7000D-02   .4000D-01
 1.000  .000   .1600D-01   .4000D-01
 1.000  .000   .4000D-02   .2000D-01
 1.000  .000   .1200D-01   .3000D-01
 1.000  .000   .1200D-01   .3000D-01
 1.000  .000   .2000D-02   .2000D-01
 1.000  .000   .2000D-02   .2000D-01
 1.000  .000   .8000D-02   .2000D-01
 1.000  .000   .1000D-01   .2500D-01
 1.000  .000   .7000D-02   .4000D-01
 1.000  .000   .6000D-01   .2000D+00
   .5400D+01   .6000D+00   .8000D-03   .5000D-01  -.1000D+01
   .1450D+02   .4960D+04   .3200D-01   .7500D+01
   .2000D-05   .5000D+01   .1000D-11
   .0000D+00   .0000D+00   .0000D+00
   .7500D-03   .1500D-03
 1.000 1.000   .4304D-05   .2000D-08
 1.000 1.000   .4304D-05   .1500D-04
 1.000 1.000   .2000D-08   .5000D-06
 1.000 1.000   .2000D-08   .2500D-06
 1.000 1.000   .1300D-02   .1300D-02
 1.000 1.000   .1500D+00   .1500D+00
 1.000 1.000   .2000D-08   .2000D-07
 1.000 1.000   .2000D-08   .2000D-07
 1.000 1.000   .3000D-02   .1500D-03
 1.000 1.000   .4000D-02   .4000D-02
 1.000 1.000   .2000D-05   .3000D-05
 1.000 1.000   .2000D-08   .2000D-08
    3   18
    1    1   .1380D-05
    1    3   .1380D-05
    3    3   .1380D-05
    1    1   .6000D-08
    1   12  -.6000D-08
   12   12   .6000D-08
    1    1   .2000D-08
    1    7   .1000D-08
    7    7   .5000D-09
    2    2   .2875D-06
    2    3   .2875D-06
    3    3   .2875D-06
    3    3   .2000D-07
    3    4  -.2000D-07
    4    4   .2000D-07
    1    1   .4000D-08
    1    2   .4000D-08
    1    3   .8000D-08
    2    2   .4000D-08
    2    3   .8000D-08
    3    3   .1600D-07
    0  205   .6000D-08
   .1000D-02   .2000D-01   .1000D+00   .1450D+00   .4960D+02
   .1000D-02   .8000D-04   .1000D+00   .3600D-01   .6000D+00
 1.000  .000   .9000D-02   .3000D-01
 1.000  .000   .7000D-02   .4000D-01
 1.000  .000   .1600D-01   .4000D-01
 1.000  .000   .4000D-02   .2000D-01
 1.000  .000   .1200D-01   .3000D-01
 1.000  .000   .1200D-01   .3000D-01
 1.000  .000   .2000D-02   .2000D-01
 1.000  .000   .2000D-02   .2000D-01
 1.000  .000   .8000D-02   .2000D-01
 1.000  .000   .1000D-01   .2500D-01
 1.000  .000   .7000D-02   .4000D-01
 1.000  .000   .6000D-01   .2000D+00
   .5400D+01   .6000D+00   .8000D-03   .5000D-01  -.1000D+01
   .1450D+02   .4960D+04   .3200D-01   .7500D+01
   .2000D-05   .5000D+01   .1000D-11
   .0000D+00   .0000D+00   .0000D+00
   .7500D-03   .1500D-03
 1.000 1.000   .2834D-05   .2000D-08
 1.000 1.000   .2834D-05   .1500D-04
 1.000 1.000   .2000D-08   .5000D-06
 1.000 1.000   .2000D-08   .2500D-06
 1.000 1.000   .1300D-02   .1300D-02
 1.000 1.000   .1500D+00   .1500D+00
 1.000 1.000   .2000D-08   .2000D-07
 1.000 1.000   .2000D-08   .2000D-07
 1.000 1.000   .3000D-02   .1500D-03
 1.000 1.000   .4000D-02   .4000D-02
 1.000 1.000   .2000D-05   .3000D-05
 1.000 1.000   .2000D-08   .2000D-08
    3   18
    1    1   .1440D-05
    1    3   .1440D-05
    3    3   .1440D-05
    1    1   .6000D-08
    1   12  -.6000D-08
   12   12   .6000D-08
    1    1   .2000D-08
    1    7   .1000D-08
    7    7   .5000D-09
    2    2   .3000D-06
    2    3   .3000D-06
    3    3   .3000D-06
    3    3   .2000D-07
    3    4  -.2000D-07
    4    4   .2000D-07
    1    1   .4000D-08
    1    2   .4000D-08
    1    3   .8000D-08
    2    2   .4000D-08
    2    3   .8000D-08
    3    3   .1600D-07
    0  205   .6000D-08
   .1000D-02   .2000D-01   .1000D+00   .1450D+00   .4960D+02
   .1000D-02   .8000D-04   .1000D+00   .3600D-01   .6000D+00
 1.000  .000   .9000D-02   .3000D-01
 1.000  .000   .7000D-02   .4000D-01
 1.000  .000   .1600D-01   .4000D-01
 1.000  .000   .4000D-02   .2000D-01
 1.000  .000   .1200D-01   .3000D-01
 1.000  .000   .1200D-01   .3000D-01
 1.000  .000   .2000D-02   .2000D-01
 1.000  .000   .2000D-02   .2000D-01
 1.000  .000   .8000D-02   .2000D-01
 1.000  .000   .1000D-01   .2500D-01
 1.000  .000   .7000D-02   .4000D-01
 1.000  .000   .6000D-01   .2000D+00
   .5400D+01   .6000D+00   .8000D-03   .5000D-01  -.1000D+01
   .1450D+02   .4960D+04   .3200D-01   .7500D+01
   .2000D-05   .5000D+01   .1000D-11
   .0000D+00   .0000D+00   .0000D+00
   .7500D-03   .1500D-03
 1.000 1.000   .1486D-05   .2000D-08
 1.000 1.000   .1486D-05   .1500D-04
 1.000 1.000   .2000D-08   .5000D-06
 1.000 1.000   .2000D-08   .2500D-06
 1.000 1.000   .1300D-02   .1300D-02
 1.000 1.000   .1500D+00   .1500D+00
 1.000 1.000   .2000D-08   .2000D-07
 1.000 1.000   .2000D-08   .2000D-07
 1.000 1.000   .3000D-02   .1500D-03
 1.000 1.000   .4000D-02   .4000D-02
 1.000 1.000   .2000D-05   .3000D-05
 1.000 1.000   .2000D-08   .2000D-08
    3   18
    1    1   .1500D-05
    1    3   .1500D-05
    3    3   .1500D-05
    1    1   .6000D-08
    1   12  -.6000D-08
   12   12   .6000D-08
    1    1   .2000D-08
    1    7   .1000D-08
    7    7   .5000D-09
    2    2   .3125D-06
    2    3   .3125D-06
    3    3   .3125D-06
    3    3   .2000D-07
    3    4  -.2000D-07
    4    4   .2000D-07
    1    1   .4000D-08
    1    2   .4000D-08
    1    3   .8000D-08
    2    2   .4000D-08
    2    3   .8000D-08
    3    3   .1600D-07
    0  205   .6000D-08
   .1000D-02   .2000D-01   .1000D+00   .1450D+00   .4960D+02
   .1000D-02   .8000D-04   .1000D+00   .3600D-01   .6000D+00
 1.000  .000   .9000D-02   .3000D-01
 1.000  .000   .7000D-02   .4000D-01
 1.000  .000   .1600D-01   .4000D-01
 1.000  .000   .4000D-02   .2000D-01
 1.000  .000   .1200D-01   .3000D-01
 1.000  .000   .1200D-01   .3000D-01
 1.000  .000   .2000D-02   .2000D-01
 1.000  .000   .2000D-02   .2000D-01
 1.000  .000   .8000D-02   .2000D-01
 1.000  .000   .1000D-01   .2500D-01
 1.000  .000   .7000D-02   .4000D-01
 1.000  .000   .6000D-01   .2000D+00
   .5400D+01   .6000D+00   .8000D-03   .5000D-01  -.1000D+01
   .1450D+02   .4960D+04   .3200D-01   .7500D+01
   .2000D-05   .5000D+01   .1000D-11
   .0000D+00   .0000D+00   .0000D+00
   .7500D-03   .1500D-03
 1.000 1.000   .2559D-06   .2000D-08
 1.000 1.000   .2559D-06   .1500D-04
 1.000 1.000   .2000D-08   .5000D-06
 1.000 1.000   .2000D-08   .2500D-06
 1.000 1.000   .1300D-02   .1300D-02
 1.000 1.000   .1500D+00   .1500D+00
 1.000 1.000   .2000D-08   .2000D-07
 1.000 1.000   .2000D-08   .2000D-07
 1.000 1.000   .3000D-02   .1500D-03
 1.000 1.000   .4000D-02   .4000D-02
 1.000 1.000   .2000D-05   .3000D-05
 1.000 1.000   .2000D-08   .2000D-08
    3   18
    1    1   .1560D-05
    1    3   .1560D-05
    3    3   .1560D-05
    1    1   .6000D-08
    1   12  -.6000D-08
   12   12   .6000D-08
    1    1   .2000D-08
    1    7   .1000D-08
    7    7   .5000D-09
    2    2   .3250D-06
    2    3   .3250D-06
    3    3   .3250D-06
    3    3   .2000D-07
    3    4  -.2000D-07
    4    4   .2000D-07
    1    1   .4000D-08
    1    2   .4000D-08
    1    3   .8000D-08
    2    2   .4000D-08
    2    3   .8000D-08
    3    3   .1600D-07
