     .96961465592518808000D-01
    -.35683672759882389000D+00
     .14232177680373692000D+00
     .45229053683014022000D-02
     .12113462747518397000D+00
     .21620303123872443000D-01
     .40992581609166194000D+01
     .12010160943148437000D-02
     .18703111259169608000D-02
     .60222337187345014000D-03
     .53358083583528925000D-02
     .35103561680372892000D+01
     .25304301861162098000D+00
     .51032113856807910000D+02
    -.97605437241095444000D+02
     .98402198285351391000D-01
     .89707324459029156000D-02
     .14300633702358081000D+00
     .13870665589541817000D-01
     .51090136345666404000D-02
     .34327001740726488000D+01
     .12007771191869462000D-02
     .88113867540462117000D-02
     .10054103039351365000D-01
     .69392645853743693000D-02
     .56788246925783836000D+01
     .14506310119727374000D+01
     .18084182331247549000D+03
    -.35453253215184692000D+01
