1
              FIVMA       FIVSA       FEVM        FEVS        FLUXV
           0.2384D-04  0.2384D-04  0.2580D-04  0.4978D-04  0.4965D-04


              FIKMA       FIKSA       FEKM        FEKS        FLUXS
      NA   0.7141D-05  0.7141D-05  0.5117D-06  0.7436D-05  0.7653D-05
      K   -0.3357D-06 -0.3357D-06  0.1274D-06 -0.1960D-06 -0.2083D-06
      CL   0.1141D-05  0.1141D-05  0.2687D-05  0.3817D-05  0.3827D-05
     HCO3 -0.5167D-06  0.3299D-05 -0.7894D-07  0.3364D-05 -0.5956D-06
    H2CO3  0.1156D-08 -0.3191D-10  0.1441D-10  0.1802D-09  0.1170D-08
     CO2   0.3617D-05  0.2535D-06  0.3961D-08  0.7349D-07  0.3621D-05
     HPO4 -0.1296D-07  0.3166D-07  0.5796D-08  0.1180D-06 -0.7159D-08
    H2PO4  0.1176D-06  0.7303D-07  0.3483D-08 -0.6886D-08  0.1211D-06
     UREA  0.8657D-08  0.8657D-08  0.4772D-07  0.5648D-07  0.5638D-07
     NH3  -0.7078D-07  0.8676D-07  0.6454D-10  0.5186D-10 -0.7071D-07
     NH4  -0.2613D-06 -0.1620D-06  0.1011D-07 -0.6306D-07 -0.2512D-06
      H   -0.4454D-05 -0.3736D-07  0.2248D-10 -0.2408D-08 -0.4454D-05
     HCO2 -0.6492D-06  0.6463D-08  0.4988D-07 -0.1912D-06 -0.5993D-06
    H2CO2  0.3949D-06 -0.2608D-06  0.2462D-10 -0.1360D-09  0.3949D-06
     GLUC  0.2639D-05  0.2639D-05 -0.5726D-07  0.2477D-05  0.2582D-05

              CIKMA       CIKSA       JNHE        JNAGLU      JNAPI       JCLF        JCLB        JKCL        JNAB        JNACLB
      NA   0.5812D-05  0.5188D-06  0.4384D-05  0.1367D-05  0.6093D-07                                      0.6712D-06 -0.1524D-06
      K    0.0000D+00  0.4383D-06                                                              0.4383D-06                        
      CL   0.5907D-06  0.5907D-06                                      0.3362D-06  0.2545D-06  0.4383D-06              0.1524D-06
     HCO3 -0.2545D-06  0.1709D-05                                                 -0.2545D-06              0.2013D-05 -0.3048D-06
    H2CO3  0.0000D+00  0.0000D+00                                                                                                
     CO2   0.0000D+00  0.0000D+00                                                                                                
     HPO4  0.0000D+00  0.0000D+00                          0.6093D-07                                                            
    H2PO4  0.6093D-07  0.0000D+00                                                                                                
     UREA  0.0000D+00  0.0000D+00                                                                                                
     NH3   0.0000D+00  0.0000D+00                                                                                                
     NH4  -0.2652D-06  0.0000D+00 -0.2652D-06                                                                                    
      H   -0.4119D-05  0.0000D+00 -0.4119D-05                                                                                    
     HCO2 -0.3362D-06  0.0000D+00                                     -0.3362D-06                                                
    H2CO2  0.0000D+00  0.0000D+00                                                                                                
     GLUC  0.1367D-05  0.0000D+00              0.1367D-05                                                                        

              PIKMA       PIKSA
      NA   0.0000D+00  0.6203D-05
      K    0.0000D+00 -0.3985D-05
      CL   0.0000D+00  0.0000D+00
     HCO3  0.0000D+00  0.0000D+00
    H2CO3  0.0000D+00  0.0000D+00
     CO2   0.0000D+00  0.0000D+00
     HPO4  0.0000D+00  0.0000D+00
    H2PO4  0.0000D+00  0.0000D+00
     UREA  0.0000D+00  0.0000D+00
     NH3   0.0000D+00  0.0000D+00
     NH4   0.0000D+00 -0.1521D-06
      H   -0.3752D-06  0.0000D+00
     HCO2  0.0000D+00  0.0000D+00
    H2CO2  0.0000D+00  0.0000D+00
     GLUC  0.0000D+00  0.0000D+00

              GIKMA       GIKSA
      NA   0.1329D-05  0.4191D-06
      K   -0.3357D-06  0.3211D-05
      CL   0.5498D-06  0.5498D-06
     HCO3 -0.2622D-06  0.1590D-05
    H2CO3  0.1156D-08 -0.3191D-10
     CO2   0.3617D-05  0.2535D-06
     HPO4 -0.1296D-07  0.3166D-07
    H2PO4  0.5671D-07  0.7303D-07
     UREA  0.8657D-08  0.8657D-08
     NH3  -0.7078D-07  0.8676D-07
     NH4   0.3850D-08 -0.9890D-08
      H    0.3988D-07 -0.3736D-07
     HCO2 -0.3129D-06  0.6463D-08
    H2CO2  0.3949D-06 -0.2608D-06
     GLUC  0.1272D-05  0.2639D-05
1
              FIVMA       FIVSA       FEVM        FEVS        FLUXV
           0.1123D+04  0.1123D+04  0.1215D+04  0.2344D+04  0.2338D+04


              FIKMA       FIKSA       FEKM        FEKS        FLUXS
      NA   0.3363D+03  0.3363D+03  0.2410D+02  0.3502D+03  0.3604D+03
      K   -0.1581D+02 -0.1581D+02  0.6000D+01 -0.9233D+01 -0.9811D+01
      CL   0.5372D+02  0.5372D+02  0.1265D+03  0.1798D+03  0.1803D+03
     HCO3 -0.2434D+02  0.1554D+03 -0.3718D+01  0.1585D+03 -0.2805D+02
    H2CO3  0.5442D-01 -0.1503D-02  0.6788D-03  0.8487D-02  0.5510D-01
     CO2   0.1704D+03  0.1194D+02  0.1866D+00  0.3461D+01  0.1705D+03
     HPO4 -0.6102D+00  0.1491D+01  0.2730D+00  0.5559D+01 -0.3372D+00
    H2PO4  0.5541D+01  0.3440D+01  0.1641D+00 -0.3243D+00  0.5705D+01
     UREA  0.4078D+00  0.4078D+00  0.2248D+01  0.2660D+01  0.2655D+01
     NH3  -0.3334D+01  0.4086D+01  0.3040D-02  0.2443D-02 -0.3331D+01
     NH4  -0.1231D+02 -0.7632D+01  0.4762D+00 -0.2970D+01 -0.1183D+02
      H   -0.2098D+03 -0.1760D+01  0.1059D-02 -0.1134D+00 -0.2098D+03
     HCO2 -0.3058D+02  0.3044D+00  0.2350D+01 -0.9008D+01 -0.2823D+02
    H2CO2  0.1860D+02 -0.1228D+02  0.1159D-02 -0.6405D-02  0.1860D+02
     GLUC  0.1243D+03  0.1243D+03 -0.2697D+01  0.1167D+03  0.1216D+03

              CIKMA       CIKSA       JNHE        JNAGLU      JNAPI       JCLF        JCLB        JKCL        JNAB        JNACLB
      NA   0.2737D+03  0.2443D+02  0.2065D+03  0.6439D+02  0.2870D+01                                      0.3161D+02 -0.7178D+01
      K    0.0000D+00  0.2065D+02                                                              0.2065D+02                        
      CL   0.2782D+02  0.2782D+02                                      0.1584D+02  0.1199D+02  0.2065D+02              0.7178D+01
     HCO3 -0.1199D+02  0.8048D+02                                                 -0.1199D+02              0.9484D+02 -0.1436D+02
    H2CO3  0.0000D+00  0.0000D+00                                                                                                
     CO2   0.0000D+00  0.0000D+00                                                                                                
     HPO4  0.0000D+00  0.0000D+00                          0.2870D+01                                                            
    H2PO4  0.2870D+01  0.0000D+00                                                                                                
     UREA  0.0000D+00  0.0000D+00                                                                                                
     NH3   0.0000D+00  0.0000D+00                                                                                                
     NH4  -0.1249D+02  0.0000D+00 -0.1249D+02                                                                                    
      H   -0.1940D+03  0.0000D+00 -0.1940D+03                                                                                    
     HCO2 -0.1584D+02  0.0000D+00                                     -0.1584D+02                                                
    H2CO2  0.0000D+00  0.0000D+00                                                                                                
     GLUC  0.6439D+02  0.0000D+00              0.6439D+02                                                                        

              PIKMA       PIKSA
      NA   0.0000D+00  0.2922D+03
      K    0.0000D+00 -0.1877D+03
      CL   0.0000D+00  0.0000D+00
     HCO3  0.0000D+00  0.0000D+00
    H2CO3  0.0000D+00  0.0000D+00
     CO2   0.0000D+00  0.0000D+00
     HPO4  0.0000D+00  0.0000D+00
    H2PO4  0.0000D+00  0.0000D+00
     UREA  0.0000D+00  0.0000D+00
     NH3   0.0000D+00  0.0000D+00
     NH4   0.0000D+00 -0.7166D+01
      H   -0.1767D+02  0.0000D+00
     HCO2  0.0000D+00  0.0000D+00
    H2CO2  0.0000D+00  0.0000D+00
     GLUC  0.0000D+00  0.0000D+00

              GIKMA       GIKSA
      NA   0.6260D+02  0.1974D+02
      K   -0.1581D+02  0.1513D+03
      CL   0.2590D+02  0.2590D+02
     HCO3 -0.1235D+02  0.7491D+02
    H2CO3  0.5442D-01 -0.1503D-02
     CO2   0.1704D+03  0.1194D+02
     HPO4 -0.6102D+00  0.1491D+01
    H2PO4  0.2671D+01  0.3440D+01
     UREA  0.4078D+00  0.4078D+00
     NH3  -0.3334D+01  0.4086D+01
     NH4   0.1813D+00 -0.4658D+00
      H    0.1878D+01 -0.1760D+01
     HCO2 -0.1474D+02  0.3044D+00
    H2CO2  0.1860D+02 -0.1228D+02
     GLUC  0.5993D+02  0.1243D+03
1
              FIVMA       FIVSA       FEVM        FEVS        FLUXV
           0.8566D-05  0.8566D-05  0.4135D-04  0.4956D-04  0.4991D-04


              FIKMA       FIKSA       FEKM        FEKS        FLUXS
      NA   0.3948D-05  0.3948D-05  0.3200D-05  0.7040D-05  0.7148D-05
      K   -0.1465D-06 -0.1465D-06  0.4532D-06  0.3104D-06  0.3068D-06
      CL   0.1310D-05  0.1310D-05  0.4593D-05  0.5868D-05  0.5903D-05
     HCO3 -0.5237D-06  0.2207D-05 -0.8212D-06  0.1387D-05 -0.1345D-05
    H2CO3  0.4813D-09 -0.1176D-09  0.1952D-10  0.1914D-09  0.5008D-09
     CO2   0.2672D-05  0.1874D-06  0.6293D-08  0.7508D-07  0.2678D-05
     HPO4 -0.1615D-07  0.3856D-07 -0.9812D-08  0.1013D-06 -0.2596D-07
    H2PO4  0.1422D-06  0.8746D-07  0.1304D-07  0.2455D-07  0.1552D-06
     UREA  0.2692D-07  0.2692D-07  0.1779D-06  0.2041D-06  0.2049D-06
     NH3   0.1675D-07  0.8674D-07  0.1628D-08  0.3695D-08  0.1838D-07
     NH4  -0.2486D-06 -0.1247D-06  0.2758D-06  0.2359D-06  0.2721D-07
      H   -0.3525D-05 -0.3589D-07  0.2182D-09 -0.3326D-09 -0.3525D-05
     HCO2 -0.8096D-06  0.1762D-07  0.1060D-06  0.1027D-06 -0.7036D-06
    H2CO2  0.8068D-06 -0.2044D-07  0.1326D-09  0.3327D-10  0.8069D-06
     GLUC  0.7458D-07  0.7458D-07 -0.7310D-07  0.2238D-08  0.1474D-08

              CIKMA       CIKSA       JNHE        JNAGLU      JNAPI       JCLF        JCLB        JKCL        JNAB        JNACLB
      NA   0.3880D-05  0.3392D-06  0.3731D-05  0.5116D-07  0.9754D-07                                      0.8358D-06 -0.4966D-06
      K    0.0000D+00  0.4019D-06                                                              0.4019D-06                        
      CL   0.8986D-06  0.8986D-06                                      0.5554D-06  0.3431D-06  0.4019D-06              0.4966D-06
     HCO3 -0.3431D-06  0.1514D-05                                                 -0.3431D-06              0.2508D-05 -0.9932D-06
    H2CO3  0.0000D+00  0.0000D+00                                                                                                
     CO2   0.0000D+00  0.0000D+00                                                                                                
     HPO4  0.0000D+00  0.0000D+00                          0.9754D-07                                                            
    H2PO4  0.9754D-07  0.0000D+00                                                                                                
     UREA  0.0000D+00  0.0000D+00                                                                                                
     NH3   0.0000D+00  0.0000D+00                                                                                                
     NH4  -0.2638D-06  0.0000D+00 -0.2638D-06                                                                                    
      H   -0.3468D-05  0.0000D+00 -0.3468D-05                                                                                    
     HCO2 -0.5554D-06  0.0000D+00                                     -0.5554D-06                                                
    H2CO2  0.0000D+00  0.0000D+00                                                                                                
     GLUC  0.5116D-07  0.0000D+00              0.5116D-07                                                                        

              PIKMA       PIKSA
      NA   0.0000D+00  0.3508D-05
      K    0.0000D+00 -0.2228D-05
      CL   0.0000D+00  0.0000D+00
     HCO3  0.0000D+00  0.0000D+00
    H2CO3  0.0000D+00  0.0000D+00
     CO2   0.0000D+00  0.0000D+00
     HPO4  0.0000D+00  0.0000D+00
    H2PO4  0.0000D+00  0.0000D+00
     UREA  0.0000D+00  0.0000D+00
     NH3   0.0000D+00  0.0000D+00
     NH4   0.0000D+00 -0.1119D-06
      H   -0.1198D-06  0.0000D+00
     HCO2  0.0000D+00  0.0000D+00
    H2CO2  0.0000D+00  0.0000D+00
     GLUC  0.0000D+00  0.0000D+00

              GIKMA       GIKSA
      NA   0.6805D-07  0.1008D-06
      K   -0.1465D-06  0.1680D-05
      CL   0.4112D-06  0.4112D-06
     HCO3 -0.1806D-06  0.6929D-06
    H2CO3  0.4813D-09 -0.1176D-09
     CO2   0.2672D-05  0.1874D-06
     HPO4 -0.1615D-07  0.3856D-07
    H2PO4  0.4463D-07  0.8746D-07
     UREA  0.2692D-07  0.2692D-07
     NH3   0.1675D-07  0.8674D-07
     NH4   0.1521D-07 -0.1282D-07
      H    0.6259D-07 -0.3589D-07
     HCO2 -0.2542D-06  0.1762D-07
    H2CO2  0.8068D-06 -0.2044D-07
     GLUC  0.2341D-07  0.7458D-07
1
              FIVMA       FIVSA       FEVM        FEVS        FLUXV
           0.4035D+03  0.4035D+03  0.1948D+04  0.2334D+04  0.2351D+04


              FIKMA       FIKSA       FEKM        FEKS        FLUXS
      NA   0.1860D+03  0.1860D+03  0.1507D+03  0.3316D+03  0.3367D+03
      K   -0.6900D+01 -0.6900D+01  0.2135D+02  0.1462D+02  0.1445D+02
      CL   0.6169D+02  0.6169D+02  0.2163D+03  0.2764D+03  0.2780D+03
     HCO3 -0.2467D+02  0.1040D+03 -0.3868D+02  0.6531D+02 -0.6335D+02
    H2CO3  0.2267D-01 -0.5538D-02  0.9194D-03  0.9013D-02  0.2359D-01
     CO2   0.1258D+03  0.8825D+01  0.2964D+00  0.3536D+01  0.1261D+03
     HPO4 -0.7604D+00  0.1816D+01 -0.4621D+00  0.4771D+01 -0.1223D+01
    H2PO4  0.6696D+01  0.4120D+01  0.6141D+00  0.1156D+01  0.7310D+01
     UREA  0.1268D+01  0.1268D+01  0.8381D+01  0.9614D+01  0.9649D+01
     NH3   0.7889D+00  0.4085D+01  0.7668D-01  0.1740D+00  0.8656D+00
     NH4  -0.1171D+02 -0.5873D+01  0.1299D+02  0.1111D+02  0.1282D+01
      H   -0.1660D+03 -0.1690D+01  0.1028D-01 -0.1566D-01 -0.1660D+03
     HCO2 -0.3813D+02  0.8301D+00  0.4990D+01  0.4837D+01 -0.3314D+02
    H2CO2  0.3800D+02 -0.9626D+00  0.6246D-02  0.1567D-02  0.3800D+02
     GLUC  0.3513D+01  0.3513D+01 -0.3443D+01  0.1054D+00  0.6945D-01

              CIKMA       CIKSA       JNHE        JNAGLU      JNAPI       JCLF        JCLB        JKCL        JNAB        JNACLB
      NA   0.1828D+03  0.1598D+02  0.1758D+03  0.2410D+01  0.4594D+01                                      0.3937D+02 -0.2339D+02
      K    0.0000D+00  0.1893D+02                                                              0.1893D+02                        
      CL   0.4232D+02  0.4232D+02                                      0.2616D+02  0.1616D+02  0.1893D+02              0.2339D+02
     HCO3 -0.1616D+02  0.7132D+02                                                 -0.1616D+02              0.1181D+03 -0.4678D+02
    H2CO3  0.0000D+00  0.0000D+00                                                                                                
     CO2   0.0000D+00  0.0000D+00                                                                                                
     HPO4  0.0000D+00  0.0000D+00                          0.4594D+01                                                            
    H2PO4  0.4594D+01  0.0000D+00                                                                                                
     UREA  0.0000D+00  0.0000D+00                                                                                                
     NH3   0.0000D+00  0.0000D+00                                                                                                
     NH4  -0.1243D+02  0.0000D+00 -0.1243D+02                                                                                    
      H   -0.1633D+03  0.0000D+00 -0.1633D+03                                                                                    
     HCO2 -0.2616D+02  0.0000D+00                                     -0.2616D+02                                                
    H2CO2  0.0000D+00  0.0000D+00                                                                                                
     GLUC  0.2410D+01  0.0000D+00              0.2410D+01                                                                        

              PIKMA       PIKSA
      NA   0.0000D+00  0.1652D+03
      K    0.0000D+00 -0.1049D+03
      CL   0.0000D+00  0.0000D+00
     HCO3  0.0000D+00  0.0000D+00
    H2CO3  0.0000D+00  0.0000D+00
     CO2   0.0000D+00  0.0000D+00
     HPO4  0.0000D+00  0.0000D+00
    H2PO4  0.0000D+00  0.0000D+00
     UREA  0.0000D+00  0.0000D+00
     NH3   0.0000D+00  0.0000D+00
     NH4   0.0000D+00 -0.5269D+01
      H   -0.5645D+01  0.0000D+00
     HCO2  0.0000D+00  0.0000D+00
    H2CO2  0.0000D+00  0.0000D+00
     GLUC  0.0000D+00  0.0000D+00

              GIKMA       GIKSA
      NA   0.3205D+01  0.4746D+01
      K   -0.6900D+01  0.7911D+02
      CL   0.1937D+02  0.1937D+02
     HCO3 -0.8507D+01  0.3264D+02
    H2CO3  0.2267D-01 -0.5538D-02
     CO2   0.1258D+03  0.8825D+01
     HPO4 -0.7604D+00  0.1816D+01
    H2PO4  0.2102D+01  0.4120D+01
     UREA  0.1268D+01  0.1268D+01
     NH3   0.7889D+00  0.4085D+01
     NH4   0.7166D+00 -0.6040D+00
      H    0.2948D+01 -0.1690D+01
     HCO2 -0.1197D+02  0.8301D+00
    H2CO2  0.3800D+02 -0.9626D+00
     GLUC  0.1103D+01  0.3513D+01
1
              FIVMA       FIVSA       FEVM        FEVS        FLUXV
           0.2656D-05  0.2656D-05  0.3955D-04  0.4206D-04  0.4221D-04


              FIKMA       FIKSA       FEKM        FEKS        FLUXS
      NA   0.2731D-05  0.2731D-05  0.3327D-05  0.5987D-05  0.6058D-05
      K   -0.1070D-06 -0.1070D-06  0.3630D-06  0.2587D-06  0.2560D-06
      CL   0.9213D-06  0.9213D-06  0.4701D-05  0.5595D-05  0.5623D-05
     HCO3 -0.3680D-06  0.1480D-05 -0.9061D-06  0.5843D-06 -0.1274D-05
    H2CO3  0.2448D-09 -0.5531D-10  0.1841D-10  0.1597D-09  0.2632D-09
     CO2   0.1831D-05  0.1544D-06  0.6025D-08  0.6409D-07  0.1837D-05
     HPO4 -0.1146D-07  0.2737D-07 -0.7314D-08  0.7168D-07 -0.1877D-07
    H2PO4  0.1025D-06  0.6372D-07  0.1810D-07  0.2773D-07  0.1207D-06
     UREA  0.2871D-07  0.2871D-07  0.2517D-06  0.2796D-06  0.2804D-06
     NH3  -0.1139D-07  0.4607D-07  0.7620D-09  0.2263D-08 -0.1063D-07
     NH4  -0.1568D-06 -0.8119D-07  0.1999D-06  0.1638D-06  0.4315D-07
      H   -0.2416D-05 -0.2508D-07  0.2706D-09  0.3667D-09 -0.2416D-05
     HCO2 -0.5691D-06  0.1113D-07  0.7845D-07  0.5993D-07 -0.4907D-06
    H2CO2  0.5503D-06 -0.2994D-07  0.1285D-09  0.2669D-10  0.5505D-06
     GLUC  0.7554D-07  0.7554D-07 -0.7392D-07  0.1203D-08  0.1611D-08

              CIKMA       CIKSA       JNHE        JNAGLU      JNAPI       JCLF        JCLB        JKCL        JNAB        JNACLB
      NA   0.2731D-05  0.3228D-06  0.2553D-05  0.7554D-07  0.1025D-06                                      0.8340D-06 -0.5111D-06
      K    0.0000D+00  0.4102D-06                                                              0.4102D-06                        
      CL   0.9213D-06  0.9213D-06                                      0.5691D-06  0.3522D-06  0.4102D-06              0.5111D-06
     HCO3 -0.3522D-06  0.1480D-05                                                 -0.3522D-06              0.2502D-05 -0.1022D-05
    H2CO3  0.0000D+00  0.0000D+00                                                                                                
     CO2   0.0000D+00  0.0000D+00                                                                                                
     HPO4  0.0000D+00  0.0000D+00                          0.1025D-06                                                            
    H2PO4  0.1025D-06  0.0000D+00                                                                                                
     UREA  0.0000D+00  0.0000D+00                                                                                                
     NH3   0.0000D+00  0.0000D+00                                                                                                
     NH4  -0.1649D-06  0.0000D+00 -0.1649D-06                                                                                    
      H   -0.2388D-05  0.0000D+00 -0.2388D-05                                                                                    
     HCO2 -0.5691D-06  0.0000D+00                                     -0.5691D-06                                                
    H2CO2  0.0000D+00  0.0000D+00                                                                                                
     GLUC  0.7554D-07  0.0000D+00              0.7554D-07                                                                        

              PIKMA       PIKSA
      NA   0.0000D+00  0.2445D-05
      K    0.0000D+00 -0.1558D-05
      CL   0.0000D+00  0.0000D+00
     HCO3  0.0000D+00  0.0000D+00
    H2CO3  0.0000D+00  0.0000D+00
     CO2   0.0000D+00  0.0000D+00
     HPO4  0.0000D+00  0.0000D+00
    H2PO4  0.0000D+00  0.0000D+00
     UREA  0.0000D+00  0.0000D+00
     NH3   0.0000D+00  0.0000D+00
     NH4   0.0000D+00 -0.7297D-07
      H   -0.7638D-07  0.0000D+00
     HCO2  0.0000D+00  0.0000D+00
    H2CO2  0.0000D+00  0.0000D+00
     GLUC  0.0000D+00  0.0000D+00

              GIKMA       GIKSA
      NA   0.0000D+00 -0.3721D-07
      K   -0.1070D-06  0.1041D-05
      CL   0.0000D+00  0.0000D+00
     HCO3 -0.1580D-07  0.0000D+00
    H2CO3  0.2448D-09 -0.5531D-10
     CO2   0.1831D-05  0.1544D-06
     HPO4 -0.1146D-07  0.2737D-07
    H2PO4  0.0000D+00  0.6372D-07
     UREA  0.2871D-07  0.2871D-07
     NH3  -0.1139D-07  0.4607D-07
     NH4   0.8150D-08 -0.8224D-08
      H    0.4810D-07 -0.2508D-07
     HCO2  0.0000D+00  0.1113D-07
    H2CO2  0.5503D-06 -0.2994D-07
     GLUC  0.0000D+00  0.7554D-07
1
              FIVMA       FIVSA       FEVM        FEVS        FLUXV
           0.1251D+03  0.1251D+03  0.1863D+04  0.1981D+04  0.1988D+04


              FIKMA       FIKSA       FEKM        FEKS        FLUXS
      NA   0.1286D+03  0.1286D+03  0.1567D+03  0.2820D+03  0.2853D+03
      K   -0.5039D+01 -0.5039D+01  0.1710D+02  0.1218D+02  0.1206D+02
      CL   0.4339D+02  0.4339D+02  0.2214D+03  0.2635D+03  0.2648D+03
     HCO3 -0.1733D+02  0.6969D+02 -0.4268D+02  0.2752D+02 -0.6001D+02
    H2CO3  0.1153D-01 -0.2605D-02  0.8673D-03  0.7522D-02  0.1240D-01
     CO2   0.8624D+02  0.7272D+01  0.2838D+00  0.3019D+01  0.8652D+02
     HPO4 -0.5397D+00  0.1289D+01 -0.3445D+00  0.3376D+01 -0.8842D+00
    H2PO4  0.4830D+01  0.3001D+01  0.8527D+00  0.1306D+01  0.5683D+01
     UREA  0.1352D+01  0.1352D+01  0.1185D+02  0.1317D+02  0.1321D+02
     NH3  -0.5363D+00  0.2170D+01  0.3589D-01  0.1066D+00 -0.5005D+00
     NH4  -0.7383D+01 -0.3824D+01  0.9415D+01  0.7717D+01  0.2032D+01
      H   -0.1138D+03 -0.1181D+01  0.1275D-01  0.1727D-01 -0.1138D+03
     HCO2 -0.2681D+02  0.5243D+00  0.3695D+01  0.2823D+01 -0.2311D+02
    H2CO2  0.2592D+02 -0.1410D+01  0.6053D-02  0.1257D-02  0.2593D+02
     GLUC  0.3558D+01  0.3558D+01 -0.3482D+01  0.5665D-01  0.7586D-01

              CIKMA       CIKSA       JNHE        JNAGLU      JNAPI       JCLF        JCLB        JKCL        JNAB        JNACLB
      NA   0.1286D+03  0.1521D+02  0.1202D+03  0.3558D+01  0.4830D+01                                      0.3928D+02 -0.2407D+02
      K    0.0000D+00  0.1932D+02                                                              0.1932D+02                        
      CL   0.4339D+02  0.4339D+02                                      0.2681D+02  0.1659D+02  0.1932D+02              0.2407D+02
     HCO3 -0.1659D+02  0.6969D+02                                                 -0.1659D+02              0.1178D+03 -0.4815D+02
    H2CO3  0.0000D+00  0.0000D+00                                                                                                
     CO2   0.0000D+00  0.0000D+00                                                                                                
     HPO4  0.0000D+00  0.0000D+00                          0.4830D+01                                                            
    H2PO4  0.4830D+01  0.0000D+00                                                                                                
     UREA  0.0000D+00  0.0000D+00                                                                                                
     NH3   0.0000D+00  0.0000D+00                                                                                                
     NH4  -0.7767D+01  0.0000D+00 -0.7767D+01                                                                                    
      H   -0.1125D+03  0.0000D+00 -0.1125D+03                                                                                    
     HCO2 -0.2681D+02  0.0000D+00                                     -0.2681D+02                                                
    H2CO2  0.0000D+00  0.0000D+00                                                                                                
     GLUC  0.3558D+01  0.0000D+00              0.3558D+01                                                                        

              PIKMA       PIKSA
      NA   0.0000D+00  0.1152D+03
      K    0.0000D+00 -0.7338D+02
      CL   0.0000D+00  0.0000D+00
     HCO3  0.0000D+00  0.0000D+00
    H2CO3  0.0000D+00  0.0000D+00
     CO2   0.0000D+00  0.0000D+00
     HPO4  0.0000D+00  0.0000D+00
    H2PO4  0.0000D+00  0.0000D+00
     UREA  0.0000D+00  0.0000D+00
     NH3   0.0000D+00  0.0000D+00
     NH4   0.0000D+00 -0.3437D+01
      H   -0.3598D+01  0.0000D+00
     HCO2  0.0000D+00  0.0000D+00
    H2CO2  0.0000D+00  0.0000D+00
     GLUC  0.0000D+00  0.0000D+00

              GIKMA       GIKSA
      NA  -0.2842D-13 -0.1752D+01
      K   -0.5039D+01  0.4903D+02
      CL   0.0000D+00 -0.8882D-15
     HCO3 -0.7442D+00  0.7394D-13
    H2CO3  0.1153D-01 -0.2605D-02
     CO2   0.8624D+02  0.7272D+01
     HPO4 -0.5397D+00  0.1289D+01
    H2PO4  0.8882D-15  0.3001D+01
     UREA  0.1352D+01  0.1352D+01
     NH3  -0.5363D+00  0.2170D+01
     NH4   0.3839D+00 -0.3874D+00
      H    0.2265D+01 -0.1181D+01
     HCO2  0.0000D+00  0.5243D+00
    H2CO2  0.2592D+02 -0.1410D+01
     GLUC  0.8882D-15  0.3558D+01
