    -.72460513988669183000D-02
     .88726687781024515000D+01
     .27351985834737135000D+00
     .87547759088306209000D-02
     .25132185719562205000D+00
     .24515456256188306000D-01
     .34987472367959573000D+01
     .14128011911187212000D-02
     .46043770750995300000D-02
     .11159467484336562000D-02
     .94188633126276393000D-02
     .71644049762132048000D+02
     .38873416817397981000D+01
     .38412501319865867000D+02
    -.58201413412149697000D+02
     .21811964736666891000D+00
     .26907924485247187000D-01
     .16728653640311283000D+00
     .57838632941456702000D-01
     .16189174124079128000D-01
     .40351727538121230000D+01
     .14008928096043042000D-02
     .31606402642315902000D-01
     .13378656605106174000D-01
     .90101776180344446000D-02
     .17597970490651372000D+03
     .16676312444714906000D+02
     .67086855842725455000D+02
    -.31430529515501356000D+02
