     .52881354941446134000D-01
    -.34721848732701531000D+02
     .29197668078857064000D+00
     .10365676633367439000D-01
     .27177207655245999000D+00
     .27234061430018472000D-01
     .43439484983931873000D+01
     .14978393720727542000D-02
     .30718677136239223000D-02
     .83209904598035633000D-03
     .19762123786298133000D-01
     .60017567186034796000D+02
     .36395721026384157000D+01
     .42931130184863604000D+02
    -.75444920767640539000D+02
     .25550277954616373000D+00
     .38372152241244232000D-01
     .23129068591205018000D+00
     .44468941961257814000D-01
     .85938856137682349000D-02
     .43790190079184894000D+01
     .14983013854766580000D-02
     .64082156368766773000D-02
     .55452947644353215000D-02
     .18401516990212953000D-01
     .75341309929799493000D+02
     .14595538189322283000D+02
     .13714732087362574000D+03
     .25955197764302919000D+01
     .12000000000000000000D+02
     .28000000000000002000D+00
     .10000000000000000000D-01
     .25504129500000000000D+00
     .25000000000000001000D-01
     .44119999999999981000D+01
     .15000000000000000000D-02
     .60014300000000003000D-02
     .17985699999999999000D-02
     .10000000000000000000D-01
     .57275000000000005000D+02
     .38427250000000006000D+01
     .47500213521156112000D+02
     .99999999999999936000D-01
     .00000000000000000000D+00
