    -.42722614820292464000D-01
    -.69165755028556299000D+01
     .13881573254519480000D+00
     .41592746947529636000D-02
     .10809214329838770000D+00
     .28163591634487762000D-01
     .43758511617195215000D-02
     .14988432044434397000D-02
     .27829974223544172000D-02
     .73432373316861473000D-03
     .45995148866457028000D-02
     .21766265227540692000D-02
     .12857546548921292000D-03
     .54757101377325896000D-03
     .13176953416886244000D-01
     .13062487337577309000D-01
    -.57289689390229121000D+02
     .71752374993346523000D-01
     .23621431407444628000D-01
     .13150116200067776000D+00
     .14299117133852606000D-01
     .23885437891241596000D-01
     .43680651284896633000D-02
     .14989061422905865000D-02
     .73155434183207806000D-02
     .22719708096890977000D-02
     .48092998688538893000D-02
     .25049210100989783000D-02
     .17416048211065228000D-03
     .39044070380238874000D-03
     .71402099923297459000D-02
     .19311945233510079000D-01
     .28066374743286184000D-01
     .43686000250060329000D-01
     .18733453622089402000D+00
