   -0.68166480648406496679D-01
    0.14051960202130393540D+01
    0.13735404655673313923D+00
    0.48875591402011428835D-02
    0.11534154195447458846D+00
    0.23156442466788131757D-01
    0.76576615046092868511D+01
    0.14944774371412324152D-02
    0.15429639840082391006D-02
    0.86652355361362175343D-03
    0.48361002572264947391D-02
    0.16602911222997915885D+01
    0.20874123891155768606D+00
    0.89007046976621580825D+02
   -0.65161032674492830097D+02
    0.44992158598448028783D+00
    0.13223385034960786696D-01
    0.14181617949228636499D+00
    0.18420503206570126853D-01
    0.27856785882241150154D-01
    0.43380944422808696004D+01
    0.14961947715351016017D-02
    0.23048256729469956267D-01
    0.60954579109585094523D-02
    0.12013260410738954564D-01
    0.19542311548277824240D+01
    0.11570273218624936573D+00
    0.41914864185215030545D+02
   -0.27188018577509012630D+02
    0.20405484885186334076D+00
    0.15387809656383692747D-01
    0.14169169916274357290D+00
    0.42741783115361586809D-01
    0.25113749889667580373D-01
    0.43631615979891336110D+01
    0.14928613360942232565D-02
    0.25806663573757878533D-01
    0.76141574147610691092D-02
    0.18222546269690605841D-01
    0.17636161133415657609D+01
    0.11649129597619235776D+00
    0.46761647117200965340D+02
   -0.28519376057263162494D+02
    0.74575939051003292679D-01
    0.18500129242693195974D-01
    0.14029362507663895032D+00
    0.47448635282193028784D-01
    0.14504453415863106588D-01
    0.43352677375613941635D+01
    0.14846574341654814651D-02
    0.19903824588993448280D-01
    0.10103023179022290953D-01
    0.99751809649725100421D-02
    0.17172797246765356682D+01
    0.19514403646980721385D+00
    0.80447883550328768365D+02
   -0.39635390569957124285D+02
    0.89358796968488984902D+01
    0.30494538793414863176D-01
    0.54610113675798030441D-01
    0.72632333556956210630D-01
    0.35634479052694774046D-02
    0.42311280528785729871D+02
    0.15025976747563831934D-02
    0.55042977992212391118D-03
    0.11099104364910232501D-01
    0.60295191704174556924D-01
    0.72833598923719566898D+00
    0.32878894800509472773D+01
    0.31958458401724547002D+04
    0.23374977314781231197D+00
    0.22272710258420185892D-05
