    0.30618553139683958586D-01
    0.62169833015639017759D+01
    0.14413551132179025505D+00
    0.18372746706305418361D-02
    0.11668379234990340632D+00
    0.25273953732502751207D-01
    0.54157263777317714570D+01
    0.14977714248480269391D-02
    0.18138269433869990983D-02
    0.66005425381266530881D-03
    0.48207071612674729302D-02
    0.33462582539984313534D+01
    0.27261055610434659080D+00
    0.57674467671816941561D+02
   -0.10163473693101350648D+03
    0.35389868504850696684D+00
    0.18550734669475418825D-01
    0.14454926912490009827D+00
    0.64115684583615807635D-02
    0.13544064010581878879D-01
    0.18314504747729383194D+01
    0.14985638065577748437D-02
    0.15007742256241572362D-01
    0.34463692092885338941D-02
    0.83451165317448075531D-02
    0.60398968312219061261D+01
    0.31050985415504261944D+00
    0.36395379174146121670D+02
   -0.49230229024707995222D+02
    0.13977326686863608685D+00
    0.16139703465520627290D-01
    0.15508889457952809710D+00
    0.23157011557055844075D-01
    0.31131577513471803825D-01
    0.38330561009883630241D+01
    0.13293809685321982504D-02
    0.20222706816706809835D-01
    0.42284732817766314955D-02
    0.11394242480892212074D-01
    0.49928568089877236602D+01
    0.23371836741373458457D+00
    0.33139359811075735252D+02
   -0.43187553824186053930D+02
    0.13045063185401223338D+00
    0.14762444410088242444D-01
    0.15548019938742044244D+00
    0.26119769208114689690D-01
    0.39814995236350299301D-01
    0.42274488310264946023D+01
    0.14502952213669181684D-02
    0.23228028021730511010D-01
    0.41883627676186484939D-02
    0.73442991969217604614D-02
    0.41097076007799486774D+01
    0.16589843930401934613D+00
    0.28577995154824112234D+02
   -0.73837281452394677217D+02
    0.11021207169251695746D+02
    0.39476618068278915286D-01
    0.58278294650673315158D-02
    0.22285069784155665112D-01
    0.19542708492558725358D-01
    0.15856813635752846636D+02
    0.15029268948553650698D-02
    0.18659479124557621678D-02
    0.25711708862423952350D-02
    0.31955586943734293204D-01
    0.91616900459816381641D+01
    0.28262231416716598886D+01
    0.21838923891565141844D+03
    0.32330380307072173309D+04
    0.00000000000000000000D+00
