    -.16311881266634045000D-01
    -.15035248940689934000D+02
     .14286552356267989000D+00
     .41472429925241234000D-02
     .11884789523175243000D+00
     .24027992605716592000D-01
     .43596067067382797000D+01
     .11950631421884154000D-02
     .19298206123718470000D-02
     .59463027988863035000D-03
     .49319793582482717000D-02
     .46004542722229677000D+01
     .31734395204383308000D+00
     .48834853492981913000D+02
    -.86898827362832236000D+02
     .47691277892888744000D+00
     .10888449874787589000D-01
     .15748665188347768000D+00
     .88948112869890651000D-02
     .21710168682153391000D-01
     .17608106527117608000D+01
     .11960428515622207000D-02
     .23993719053420785000D-01
     .33048160106826265000D-02
     .81753395238616209000D-02
     .79149350370792088000D+01
     .24405993942083151000D+00
     .21829788394457398000D+02
    -.42157828310103901000D+02
     .12591513783884394000D+00
     .18457747405098392000D-01
     .15450653147687468000D+00
     .28007745439198723000D-01
     .22448086314961236000D-01
     .31457148094780751000D+01
     .10889409420290409000D-02
     .20205712710471123000D-01
     .48085535250078923000D-02
     .10981317094527110000D-01
     .79880386365175573000D+01
     .42557868218177835000D+00
     .37717256052970142000D+02
    -.35130510104106775000D+02
     .10728674741348818000D+00
     .18096930225759425000D-01
     .15348805061606513000D+00
     .37943582385413510000D-01
     .23402379479690316000D-01
     .33417704029425765000D+01
     .11482014836646991000D-02
     .22328728513199894000D-01
     .54147803194100306000D-02
     .72543309985719601000D-02
     .59894024912347045000D+01
     .32516199175969395000D+00
     .38434094860478701000D+02
    -.23927229722366547000D+02
