   -0.11082516904211200948D+00
   -0.29428873967434099335D+00
    0.27560298380167408405D+00
    0.22232697690151938252D-01
    0.26509983339824549908D+00
    0.29540277040880000975D-01
    0.45871010846741215872D+01
    0.14821362352759755686D-02
    0.31105779290752089139D-02
    0.82028560508761122570D-03
    0.91269209248496643849D-01
    0.65142810935296481034D+02
    0.38458286155872141165D+01
    0.41794950329182888993D+02
   -0.56718988382589046182D+02
    0.14515325128609443683D+00
    0.18356872175788123414D-01
    0.22421277269133640941D+00
    0.71476883537669094748D-01
    0.26507069285892130572D-01
    0.42240056891906379022D+01
    0.14823541651582097713D-02
    0.37708412926669876430D-01
    0.10204724698222970847D-01
    0.12727567084362448324D+00
    0.76195920878039586910D+02
    0.46163017435441986436D+01
    0.42890671727709822392D+02
   -0.14520390842172878010D+02
    0.72667175173665015109D+01
    0.61997580372339697319D-01
    0.17315284927006560634D+00
    0.13536499877141275339D+00
    0.49938595600050646794D+02
    0.26137529612499456277D+02
    0.15028741776837606803D-02
    0.21898237183401835892D+02
    0.19464236305589792397D-01
    0.14884236210361323494D+00
    0.67411844060628567377D+02
    0.13414188986362800549D+02
    0.14087316755548241076D+03
    0.31356164548088099764D+03
    0.00000000000000000000D+00
