

 DIST  Na:   FLUX      FEKM      FIKM
 1.0000      8.1559    8.1559    0.0000
 1.0025     67.9537   67.9537    0.0000
 1.0050     60.1596   60.1596    0.0000
 1.0075     53.5349   53.5349    0.0000
 1.0100     47.6510   47.6510    0.0000
 1.0125     42.4238   42.4238    0.0000
 1.0150     37.8016   37.8016    0.0000
 1.0175     33.7341   33.7341    0.0000
 1.0200     30.1703   30.1703    0.0000
 1.0225     27.0594   27.0594    0.0000
 1.0250     24.3525   24.3525    0.0000
 1.0275     22.0033   22.0033    0.0000
 1.0300     19.9688   19.9688    0.0000
 1.0325     18.2097   18.2097    0.0000
 1.0350     16.6908   16.6908    0.0000
 1.0375     15.3803   15.3803    0.0000
 1.0400     14.2501   14.2501    0.0000
 1.0425     13.2756   13.2756    0.0000
 1.0450     12.4352   12.4352    0.0000
 1.0475     11.7100   11.7100    0.0000
 1.0500     11.0836   11.0836    0.0000
 1.0525     10.5419   10.5419    0.0000
 1.0550     10.0727   10.0727    0.0000
 1.0575      9.6655    9.6655    0.0000
 1.0600      9.3112    9.3112    0.0000
 1.0625      9.0022    9.0022    0.0000
 1.0650      8.7317    8.7317    0.0000
 1.0675      8.4942    8.4942    0.0000
 1.0700      8.2848    8.2848    0.0000
 1.0725      8.0994    8.0994    0.0000
 1.0750      7.9344    7.9344    0.0000
 1.0775      7.7869    7.7869    0.0000
 1.0800      7.6543    7.6543    0.0000
 1.0825      7.5344    7.5344    0.0000
 1.0850      7.4253    7.4253    0.0000
 1.0875      7.3256    7.3256    0.0000
 1.0900      7.2338    7.2338    0.0000
 1.0925      7.1488    7.1488    0.0000
 1.0950      7.0696    7.0696    0.0000
 1.0975      6.9955    6.9955    0.0000
 1.1000      6.9256    6.9256    0.0000


 DIST  K:     FLUX      FEKM      FIKM
 1.0000     -0.5478   -0.5478    0.0000
 1.0025     -3.9398   -3.9398    0.0000
 1.0050     -4.5523   -4.5523    0.0000
 1.0075     -5.0582   -5.0582    0.0000
 1.0100     -5.4974   -5.4974    0.0000
 1.0125     -5.8777   -5.8777    0.0000
 1.0150     -6.2040   -6.2040    0.0000
 1.0175     -6.4808   -6.4808    0.0000
 1.0200     -6.7128   -6.7128    0.0000
 1.0225     -6.9046   -6.9046    0.0000
 1.0250     -7.0606   -7.0606    0.0000
 1.0275     -7.1851   -7.1851    0.0000
 1.0300     -7.2818   -7.2818    0.0000
 1.0325     -7.3543   -7.3543    0.0000
 1.0350     -7.4059   -7.4059    0.0000
 1.0375     -7.4393   -7.4393    0.0000
 1.0400     -7.4572   -7.4572    0.0000
 1.0425     -7.4618   -7.4618    0.0000
 1.0450     -7.4549   -7.4549    0.0000
 1.0475     -7.4384   -7.4384    0.0000
 1.0500     -7.4136   -7.4136    0.0000
 1.0525     -7.3820   -7.3820    0.0000
 1.0550     -7.3445   -7.3445    0.0000
 1.0575     -7.3021   -7.3021    0.0000
 1.0600     -7.2556   -7.2556    0.0000
 1.0625     -7.2058   -7.2058    0.0000
 1.0650     -7.1532   -7.1532    0.0000
 1.0675     -7.0983   -7.0983    0.0000
 1.0700     -7.0417   -7.0417    0.0000
 1.0725     -6.9835   -6.9835    0.0000
 1.0750     -6.9242   -6.9242    0.0000
 1.0775     -6.8640   -6.8640    0.0000
 1.0800     -6.8032   -6.8032    0.0000
 1.0825     -6.7419   -6.7419    0.0000
 1.0850     -6.6803   -6.6803    0.0000
 1.0875     -6.6186   -6.6186    0.0000
 1.0900     -6.5568   -6.5568    0.0000
 1.0925     -6.4950   -6.4950    0.0000
 1.0950     -6.4335   -6.4335    0.0000
 1.0975     -6.3721   -6.3721    0.0000
 1.1000     -6.3110   -6.3110    0.0000


 DIST  Cl:   FLUX      FEKM      FIKM
 1.0000     12.1999   12.1999    0.0000
 1.0025     66.8617   66.8617    0.0000
 1.0050     58.5636   58.5636    0.0000
 1.0075     51.5391   51.5391    0.0000
 1.0100     45.3120   45.3120    0.0000
 1.0125     39.7891   39.7891    0.0000
 1.0150     34.9141   34.9141    0.0000
 1.0175     30.6331   30.6331    0.0000
 1.0200     26.8915   26.8915    0.0000
 1.0225     23.6346   23.6346    0.0000
 1.0250     20.8101   20.8101    0.0000
 1.0275     18.3682   18.3682    0.0000
 1.0300     16.2630   16.2630    0.0000
 1.0325     14.4524   14.4524    0.0000
 1.0350     12.8984   12.8984    0.0000
 1.0375     11.5671   11.5671    0.0000
 1.0400     10.4285   10.4285    0.0000
 1.0425      9.4560    9.4560    0.0000
 1.0450      8.6265    8.6265    0.0000
 1.0475      7.9198    7.9198    0.0000
 1.0500      7.3184    7.3184    0.0000
 1.0525      6.8071    6.8071    0.0000
 1.0550      6.3727    6.3727    0.0000
 1.0575      6.0041    6.0041    0.0000
 1.0600      5.6916    5.6916    0.0000
 1.0625      5.4269    5.4269    0.0000
 1.0650      5.2029    5.2029    0.0000
 1.0675      5.0135    5.0135    0.0000
 1.0700      4.8535    4.8535    0.0000
 1.0725      4.7186    4.7186    0.0000
 1.0750      4.6050    4.6050    0.0000
 1.0775      4.5093    4.5093    0.0000
 1.0800      4.4290    4.4290    0.0000
 1.0825      4.3617    4.3617    0.0000
 1.0850      4.3053    4.3053    0.0000
 1.0875      4.2583    4.2583    0.0000
 1.0900      4.2191    4.2191    0.0000
 1.0925      4.1866    4.1866    0.0000
 1.0950      4.1597    4.1597    0.0000
 1.0975      4.1376    4.1376    0.0000
 1.1000      4.1194    4.1194    0.0000


 DIST  NH4:   FLUX      FEKM      FIKM      JNH3
 1.0000      0.2237    0.2237    0.0000   -0.4676
 1.0025      1.1405    1.1405    0.0000   -0.4676
 1.0050      1.0155    1.0155    0.0000   -0.4676
 1.0075      0.9081    0.9081    0.0000   -0.4676
 1.0100      0.8130    0.8130    0.0000   -0.4676
 1.0125      0.7288    0.7288    0.0000   -0.4676
 1.0150      0.6546    0.6546    0.0000   -0.4676
 1.0175      0.5896    0.5896    0.0000   -0.4676
 1.0200      0.5330    0.5330    0.0000   -0.4676
 1.0225      0.4838    0.4838    0.0000   -0.4676
 1.0250      0.4413    0.4413    0.0000   -0.4676
 1.0275      0.4047    0.4047    0.0000   -0.4676
 1.0300      0.3732    0.3732    0.0000   -0.4676
 1.0325      0.3462    0.3462    0.0000   -0.4676
 1.0350      0.3232    0.3232    0.0000   -0.4676
 1.0375      0.3035    0.3035    0.0000   -0.4676
 1.0400      0.2868    0.2868    0.0000   -0.4676
 1.0425      0.2727    0.2727    0.0000   -0.4676
 1.0450      0.2607    0.2607    0.0000   -0.4676
 1.0475      0.2506    0.2506    0.0000   -0.4676
 1.0500      0.2421    0.2421    0.0000   -0.4676
 1.0525      0.2350    0.2350    0.0000   -0.4676
 1.0550      0.2290    0.2290    0.0000   -0.4676
 1.0575      0.2240    0.2240    0.0000   -0.4676
 1.0600      0.2199    0.2199    0.0000   -0.4676
 1.0625      0.2165    0.2165    0.0000   -0.4676
 1.0650      0.2137    0.2137    0.0000   -0.4676
 1.0675      0.2115    0.2115    0.0000   -0.4676
 1.0700      0.2097    0.2097    0.0000   -0.4676
 1.0725      0.2082    0.2082    0.0000   -0.4676
 1.0750      0.2071    0.2071    0.0000   -0.4676
 1.0775      0.2062    0.2062    0.0000   -0.4676
 1.0800      0.2055    0.2055    0.0000   -0.4676
 1.0825      0.2051    0.2051    0.0000   -0.4676
 1.0850      0.2047    0.2047    0.0000   -0.4676
 1.0875      0.2046    0.2046    0.0000   -0.4676
 1.0900      0.2045    0.2045    0.0000   -0.4676
 1.0925      0.2045    0.2045    0.0000   -0.4676
 1.0950      0.2046    0.2046    0.0000   -0.4676
 1.0975      0.2047    0.2047    0.0000   -0.4676
 1.1000      0.2049    0.2049    0.0000   -0.4676
