   .05600000D-04
   .05600000D-04
   .05600000D-04
   .05600000D-04
   .05600000D-04
   .05600000D-04
   .05600000D-04
   .05600000D-04
   .05600000D-04
   .05600000D-04
   .05600000D-04
   .05600000D-04
   .05600000D-04
   .05600000D-04
   .05600000D-04
   .05600000D-04
   .05600000D-04
   .05600000D-04
   .05600000D-04
   .05600000D-04
   .05600000D-04
   .05600000D-04
   .05600000D-04
   .05600000D-04
   .05600000D-04
   .05600000D-04
   .05600000D-04
   .05600000D-04
   .05600000D-04
   .05600000D-04
