    -.17877074533712225000D+00
    -.14156237606587901000D+02
     .26192597973233123000D+00
     .96818317210002274000D-02
     .24748533928078995000D+00
     .22544489506716223000D-01
     .30924340016104130000D+01
     .14975312019392407000D-02
     .42364306687146307000D-02
     .98687043274376300000D-03
     .24457189248115725000D+00
     .15113342959121643000D+03
     .78817121844887232000D+01
     .36919859026756088000D+02
    -.52376525727824745000D+02
     .11243671621621167000D+00
     .31142395544686705000D-01
     .17334674526568106000D+00
     .71245874787750925000D-01
     .16771491842965824000D-01
     .42909027431115403000D+01
     .14976303670681423000D-02
     .29895063433824891000D-01
     .12989022077472425000D-01
     .28003823441101385000D+00
     .16837555789134826000D+03
     .16377817349089576000D+02
     .68861578811713686000D+02
    -.26177939878128300000D+02
