1
              FIVMA       FIVSA       FEVM        FEVS        FLUXV
           0.3017D-04  0.3017D-04  0.7610D-04  0.1047D-03  0.1063D-03


              FIKMA       FIKSA       FEKM        FEKS        FLUXS
      NA   0.1813D-05  0.1813D-05  0.3726D-05  0.5495D-05  0.5539D-05
      K   -0.9774D-07 -0.9774D-07 -0.5662D-06 -0.6601D-06 -0.6639D-06
      CL   0.2943D-06  0.2943D-06  0.3872D-05  0.4155D-05  0.4166D-05
     HCO3 -0.1266D-06  0.6157D-06 -0.6200D-06 -0.3536D-06 -0.7467D-06
    H2CO3 -0.4302D-09 -0.6505D-09  0.2589D-10 -0.3090D-08 -0.4043D-09
     CO2  -0.3161D-05 -0.3786D-05  0.8747D-08 -0.1049D-05 -0.3153D-05
     HPO4 -0.3458D-08  0.8117D-08  0.2147D-07  0.2218D-06  0.1801D-07
    H2PO4  0.3298D-07  0.2140D-07  0.2483D-07 -0.1468D-06  0.5781D-07
     UREA  0.7676D-08  0.7676D-08  0.1201D-06  0.1273D-06  0.1278D-06
     NH3  -0.6347D-07 -0.4870D-07 -0.5213D-08  0.2661D-07 -0.6868D-07
     NH4  -0.1637D-06 -0.1574D-06 -0.2858D-06 -0.5191D-06 -0.4495D-06
      H   -0.9351D-06 -0.1026D-07  0.2336D-09 -0.2204D-07 -0.9349D-06
     HCO2 -0.1730D-06  0.4123D-08  0.1509D-06  0.2118D-06 -0.2214D-07
    H2CO2  0.2348D-06  0.5767D-07  0.1555D-09 -0.8775D-10  0.2350D-06
     GLUC  0.3634D-06  0.3634D-06 -0.4461D-07  0.3089D-06  0.3188D-06

              CIKMA       CIKSA       JNHE        JNAGLU      JNAPI       JCLF        JCLB        JKCL        JNAB        JNACLB
      NA   0.1813D-05  0.1624D-06  0.1053D-05  0.3634D-06  0.3298D-07                                      0.2908D-06 -0.1283D-06
      K    0.0000D+00  0.1660D-06                                                              0.1660D-06                        
      CL   0.2943D-06  0.2943D-06                                      0.1730D-06  0.1213D-06  0.1660D-06              0.1283D-06
     HCO3 -0.1213D-06  0.6157D-06                                                 -0.1213D-06              0.8723D-06 -0.2567D-06
    H2CO3  0.0000D+00  0.0000D+00                                                                                                
     CO2   0.0000D+00  0.0000D+00                                                                                                
     HPO4  0.0000D+00  0.0000D+00                          0.3298D-07                                                            
    H2PO4  0.3298D-07  0.0000D+00                                                                                                
     UREA  0.0000D+00  0.0000D+00                                                                                                
     NH3   0.0000D+00  0.0000D+00                                                                                                
     NH4  -0.1662D-06  0.0000D+00 -0.1662D-06                                                                                    
      H   -0.8872D-06  0.0000D+00 -0.8872D-06                                                                                    
     HCO2 -0.1730D-06  0.0000D+00                                     -0.1730D-06                                                
    H2CO2  0.0000D+00  0.0000D+00                                                                                                
     GLUC  0.3634D-06  0.0000D+00              0.3634D-06                                                                        

              PIKMA       PIKSA
      NA   0.0000D+00  0.1665D-05
      K    0.0000D+00 -0.9702D-06
      CL   0.0000D+00  0.0000D+00
     HCO3  0.0000D+00  0.0000D+00
    H2CO3  0.0000D+00  0.0000D+00
     CO2   0.0000D+00  0.0000D+00
     HPO4  0.0000D+00  0.0000D+00
    H2PO4  0.0000D+00  0.0000D+00
     UREA  0.0000D+00  0.0000D+00
     NH3   0.0000D+00  0.0000D+00
     NH4   0.0000D+00 -0.1403D-06
      H   -0.6491D-07  0.0000D+00
     HCO2  0.0000D+00  0.0000D+00
    H2CO2  0.0000D+00  0.0000D+00
     GLUC  0.0000D+00  0.0000D+00

              GIKMA       GIKSA
      NA   0.0000D+00 -0.1416D-07
      K   -0.9774D-07  0.7064D-06
      CL   0.0000D+00  0.0000D+00
     HCO3 -0.5329D-08  0.0000D+00
    H2CO3 -0.4302D-09 -0.6505D-09
     CO2  -0.3161D-05 -0.3786D-05
     HPO4 -0.3458D-08  0.8117D-08
    H2PO4  0.0000D+00  0.2140D-07
     UREA  0.7676D-08  0.7676D-08
     NH3  -0.6347D-07 -0.4870D-07
     NH4   0.2521D-08 -0.1716D-07
      H    0.1701D-07 -0.1026D-07
     HCO2  0.0000D+00  0.4123D-08
    H2CO2  0.2348D-06  0.5767D-07
     GLUC  0.0000D+00  0.3634D-06
1
              FIVMA       FIVSA       FEVM        FEVS        FLUXV
           0.1421D+04  0.1421D+04  0.3584D+04  0.4930D+04  0.5005D+04


              FIKMA       FIKSA       FEKM        FEKS        FLUXS
      NA   0.8540D+02  0.8540D+02  0.1755D+03  0.2588D+03  0.2609D+03
      K   -0.4603D+01 -0.4603D+01 -0.2667D+02 -0.3109D+02 -0.3127D+02
      CL   0.1386D+02  0.1386D+02  0.1824D+03  0.1957D+03  0.1962D+03
     HCO3 -0.5965D+01  0.2900D+02 -0.2920D+02 -0.1665D+02 -0.3517D+02
    H2CO3 -0.2026D-01 -0.3064D-01  0.1219D-02 -0.1455D+00 -0.1904D-01
     CO2  -0.1489D+03 -0.1783D+03  0.4120D+00 -0.4940D+02 -0.1485D+03
     HPO4 -0.1629D+00  0.3823D+00  0.1011D+01  0.1045D+02  0.8483D+00
    H2PO4  0.1553D+01  0.1008D+01  0.1169D+01 -0.6915D+01  0.2723D+01
     UREA  0.3615D+00  0.3615D+00  0.5656D+01  0.5996D+01  0.6017D+01
     NH3  -0.2990D+01 -0.2294D+01 -0.2455D+00  0.1253D+01 -0.3235D+01
     NH4  -0.7708D+01 -0.7415D+01 -0.1346D+02 -0.2445D+02 -0.2117D+02
      H   -0.4404D+02 -0.4833D+00  0.1100D-01 -0.1038D+01 -0.4403D+02
     HCO2 -0.8150D+01  0.1942D+00  0.7107D+01  0.9977D+01 -0.1043D+01
    H2CO2  0.1106D+02  0.2716D+01  0.7324D-02 -0.4133D-02  0.1107D+02
     GLUC  0.1711D+02  0.1711D+02 -0.2101D+01  0.1455D+02  0.1501D+02

              CIKMA       CIKSA       JNHE        JNAGLU      JNAPI       JCLF        JCLB        JKCL        JNAB        JNACLB
      NA   0.8540D+02  0.7651D+01  0.4961D+02  0.1711D+02  0.1553D+01                                      0.1370D+02 -0.6045D+01
      K    0.0000D+00  0.7819D+01                                                              0.7819D+01                        
      CL   0.1386D+02  0.1386D+02                                      0.8150D+01  0.5714D+01  0.7819D+01              0.6045D+01
     HCO3 -0.5714D+01  0.2900D+02                                                 -0.5714D+01              0.4109D+02 -0.1209D+02
    H2CO3  0.0000D+00  0.0000D+00                                                                                                
     CO2   0.0000D+00  0.0000D+00                                                                                                
     HPO4  0.0000D+00  0.0000D+00                          0.1553D+01                                                            
    H2PO4  0.1553D+01  0.0000D+00                                                                                                
     UREA  0.0000D+00  0.0000D+00                                                                                                
     NH3   0.0000D+00  0.0000D+00                                                                                                
     NH4  -0.7827D+01  0.0000D+00 -0.7827D+01                                                                                    
      H   -0.4179D+02  0.0000D+00 -0.4179D+02                                                                                    
     HCO2 -0.8150D+01  0.0000D+00                                     -0.8150D+01                                                
    H2CO2  0.0000D+00  0.0000D+00                                                                                                
     GLUC  0.1711D+02  0.0000D+00              0.1711D+02                                                                        

              PIKMA       PIKSA
      NA   0.0000D+00  0.7841D+02
      K    0.0000D+00 -0.4569D+02
      CL   0.0000D+00  0.0000D+00
     HCO3  0.0000D+00  0.0000D+00
    H2CO3  0.0000D+00  0.0000D+00
     CO2   0.0000D+00  0.0000D+00
     HPO4  0.0000D+00  0.0000D+00
    H2PO4  0.0000D+00  0.0000D+00
     UREA  0.0000D+00  0.0000D+00
     NH3   0.0000D+00  0.0000D+00
     NH4   0.0000D+00 -0.6607D+01
      H   -0.3057D+01  0.0000D+00
     HCO2  0.0000D+00  0.0000D+00
    H2CO2  0.0000D+00  0.0000D+00
     GLUC  0.0000D+00  0.0000D+00

              GIKMA       GIKSA
      NA  -0.1421D-13 -0.6670D+00
      K   -0.4603D+01  0.3327D+02
      CL  -0.1776D-14 -0.6362D-13
     HCO3 -0.2510D+00 -0.3886D-14
    H2CO3 -0.2026D-01 -0.3064D-01
     CO2  -0.1489D+03 -0.1783D+03
     HPO4 -0.1629D+00  0.3823D+00
    H2PO4  0.2220D-15  0.1008D+01
     UREA  0.3615D+00  0.3615D+00
     NH3  -0.2990D+01 -0.2294D+01
     NH4   0.1187D+00 -0.8082D+00
      H    0.8012D+00 -0.4833D+00
     HCO2  0.0000D+00  0.1942D+00
    H2CO2  0.1106D+02  0.2716D+01
     GLUC  0.0000D+00  0.1711D+02
1
              FIVMA       FIVSA       FEVM        FEVS        FLUXV
           0.6223D-05  0.6223D-05  0.2958D-04  0.3545D-04  0.3581D-04


              FIKMA       FIKSA       FEKM        FEKS        FLUXS
      NA   0.1599D-05  0.1599D-05  0.2422D-05  0.3978D-05  0.4021D-05
      K   -0.6906D-07 -0.6906D-07 -0.1894D-06 -0.2560D-06 -0.2585D-06
      CL   0.3297D-06  0.3297D-06  0.2753D-05  0.3073D-05  0.3083D-05
     HCO3 -0.1345D-06  0.9665D-06 -0.5673D-06  0.3116D-06 -0.7017D-06
    H2CO3  0.2499D-08 -0.1668D-10  0.4781D-10  0.2689D-09  0.2547D-08
     CO2   0.1091D-05  0.8658D-07  0.7225D-08  0.1002D-06  0.1099D-05
     HPO4 -0.4445D-08  0.1068D-07  0.1909D-07  0.5070D-07  0.1464D-07
    H2PO4  0.4617D-07  0.3105D-07  0.2938D-07  0.3836D-07  0.7555D-07
     UREA  0.3545D-08  0.3545D-08  0.8710D-07  0.9050D-07  0.9065D-07
     NH3  -0.1493D-07 -0.2582D-07 -0.1759D-08 -0.2110D-08 -0.1669D-07
     NH4  -0.1670D-06 -0.1351D-06  0.8093D-07 -0.7518D-07 -0.8609D-07
      H   -0.1308D-05 -0.1644D-07  0.2793D-09  0.1294D-08 -0.1308D-05
     HCO2 -0.2029D-06  0.4676D-08  0.8539D-07  0.1248D-06 -0.1175D-06
    H2CO2  0.2440D-06  0.3645D-07  0.1458D-09  0.1049D-09  0.2441D-06
     GLUC  0.4327D-07  0.4327D-07 -0.4326D-07 -0.9068D-09  0.1005D-10

              CIKMA       CIKSA       JNHE        JNAGLU      JNAPI       JCLF        JCLB        JKCL        JNAB        JNACLB
      NA   0.1599D-05  0.2745D-06  0.1466D-05  0.4327D-07  0.4617D-07                                      0.4176D-06 -0.1431D-06
      K    0.0000D+00  0.1867D-06                                                              0.1867D-06                        
      CL   0.3297D-06  0.3297D-06                                      0.2029D-06  0.1269D-06  0.1867D-06              0.1431D-06
     HCO3 -0.1269D-06  0.9665D-06                                                 -0.1269D-06              0.1253D-05 -0.2862D-06
    H2CO3  0.0000D+00  0.0000D+00                                                                                                
     CO2   0.0000D+00  0.0000D+00                                                                                                
     HPO4  0.0000D+00  0.0000D+00                          0.4617D-07                                                            
    H2PO4  0.4617D-07  0.0000D+00                                                                                                
     UREA  0.0000D+00  0.0000D+00                                                                                                
     NH3   0.0000D+00  0.0000D+00                                                                                                
     NH4  -0.1748D-06  0.0000D+00 -0.1748D-06                                                                                    
      H   -0.1291D-05  0.0000D+00 -0.1291D-05                                                                                    
     HCO2 -0.2029D-06  0.0000D+00                                     -0.2029D-06                                                
    H2CO2  0.0000D+00  0.0000D+00                                                                                                
     GLUC  0.4327D-07  0.0000D+00              0.4327D-07                                                                        

              PIKMA       PIKSA
      NA   0.0000D+00  0.1341D-05
      K    0.0000D+00 -0.7799D-06
      CL   0.0000D+00  0.0000D+00
     HCO3  0.0000D+00  0.0000D+00
    H2CO3  0.0000D+00  0.0000D+00
     CO2   0.0000D+00  0.0000D+00
     HPO4  0.0000D+00  0.0000D+00
    H2PO4  0.0000D+00  0.0000D+00
     UREA  0.0000D+00  0.0000D+00
     NH3   0.0000D+00  0.0000D+00
     NH4   0.0000D+00 -0.1144D-06
      H   -0.4298D-07  0.0000D+00
     HCO2  0.0000D+00  0.0000D+00
    H2CO2  0.0000D+00  0.0000D+00
     GLUC  0.0000D+00  0.0000D+00

              GIKMA       GIKSA
      NA   0.0000D+00 -0.1642D-07
      K   -0.6906D-07  0.5242D-06
      CL   0.0000D+00  0.0000D+00
     HCO3 -0.7623D-08  0.0000D+00
    H2CO3  0.2499D-08 -0.1668D-10
     CO2   0.1091D-05  0.8658D-07
     HPO4 -0.4445D-08  0.1068D-07
    H2PO4  0.0000D+00  0.3105D-07
     UREA  0.3545D-08  0.3545D-08
     NH3  -0.1493D-07 -0.2582D-07
     NH4   0.7813D-08 -0.2078D-07
      H    0.2599D-07 -0.1644D-07
     HCO2  0.0000D+00  0.4676D-08
    H2CO2  0.2440D-06  0.3645D-07
     GLUC  0.0000D+00  0.4327D-07
1
              FIVMA       FIVSA       FEVM        FEVS        FLUXV
           0.2931D+03  0.2931D+03  0.1393D+04  0.1670D+04  0.1686D+04


              FIKMA       FIKSA       FEKM        FEKS        FLUXS
      NA   0.7530D+02  0.7530D+02  0.1141D+03  0.1874D+03  0.1894D+03
      K   -0.3253D+01 -0.3253D+01 -0.8922D+01 -0.1206D+02 -0.1217D+02
      CL   0.1553D+02  0.1553D+02  0.1297D+03  0.1447D+03  0.1452D+03
     HCO3 -0.6334D+01  0.4552D+02 -0.2672D+02  0.1468D+02 -0.3305D+02
    H2CO3  0.1177D+00 -0.7858D-03  0.2252D-02  0.1267D-01  0.1199D+00
     CO2   0.5140D+02  0.4078D+01  0.3403D+00  0.4718D+01  0.5174D+02
     HPO4 -0.2094D+00  0.5028D+00  0.8990D+00  0.2388D+01  0.6896D+00
    H2PO4  0.2175D+01  0.1462D+01  0.1384D+01  0.1807D+01  0.3558D+01
     UREA  0.1670D+00  0.1670D+00  0.4103D+01  0.4263D+01  0.4270D+01
     NH3  -0.7032D+00 -0.1216D+01 -0.8285D-01 -0.9940D-01 -0.7861D+00
     NH4  -0.7867D+01 -0.6365D+01  0.3812D+01 -0.3541D+01 -0.4055D+01
      H   -0.6162D+02 -0.7742D+00  0.1316D-01  0.6093D-01 -0.6160D+02
     HCO2 -0.9555D+01  0.2202D+00  0.4022D+01  0.5878D+01 -0.5533D+01
    H2CO2  0.1149D+02  0.1717D+01  0.6867D-02  0.4941D-02  0.1150D+02
     GLUC  0.2038D+01  0.2038D+01 -0.2037D+01 -0.4271D-01  0.4732D-03

              CIKMA       CIKSA       JNHE        JNAGLU      JNAPI       JCLF        JCLB        JKCL        JNAB        JNACLB
      NA   0.7530D+02  0.1293D+02  0.6905D+02  0.2038D+01  0.2175D+01                                      0.1967D+02 -0.6739D+01
      K    0.0000D+00  0.8791D+01                                                              0.8791D+01                        
      CL   0.1553D+02  0.1553D+02                                      0.9555D+01  0.5975D+01  0.8791D+01              0.6739D+01
     HCO3 -0.5975D+01  0.4552D+02                                                 -0.5975D+01              0.5900D+02 -0.1348D+02
    H2CO3  0.0000D+00  0.0000D+00                                                                                                
     CO2   0.0000D+00  0.0000D+00                                                                                                
     HPO4  0.0000D+00  0.0000D+00                          0.2175D+01                                                            
    H2PO4  0.2175D+01  0.0000D+00                                                                                                
     UREA  0.0000D+00  0.0000D+00                                                                                                
     NH3   0.0000D+00  0.0000D+00                                                                                                
     NH4  -0.8235D+01  0.0000D+00 -0.8235D+01                                                                                    
      H   -0.6082D+02  0.0000D+00 -0.6082D+02                                                                                    
     HCO2 -0.9555D+01  0.0000D+00                                     -0.9555D+01                                                
    H2CO2  0.0000D+00  0.0000D+00                                                                                                
     GLUC  0.2038D+01  0.0000D+00              0.2038D+01                                                                        

              PIKMA       PIKSA
      NA   0.0000D+00  0.6315D+02
      K    0.0000D+00 -0.3673D+02
      CL   0.0000D+00  0.0000D+00
     HCO3  0.0000D+00  0.0000D+00
    H2CO3  0.0000D+00  0.0000D+00
     CO2   0.0000D+00  0.0000D+00
     HPO4  0.0000D+00  0.0000D+00
    H2PO4  0.0000D+00  0.0000D+00
     UREA  0.0000D+00  0.0000D+00
     NH3   0.0000D+00  0.0000D+00
     NH4   0.0000D+00 -0.5386D+01
      H   -0.2024D+01  0.0000D+00
     HCO2  0.0000D+00  0.0000D+00
    H2CO2  0.0000D+00  0.0000D+00
     GLUC  0.0000D+00  0.0000D+00

              GIKMA       GIKSA
      NA  -0.1421D-13 -0.7735D+00
      K   -0.3253D+01  0.2469D+02
      CL   0.0000D+00 -0.1055D-14
     HCO3 -0.3590D+00  0.4263D-13
    H2CO3  0.1177D+00 -0.7858D-03
     CO2   0.5140D+02  0.4078D+01
     HPO4 -0.2094D+00  0.5028D+00
    H2PO4 -0.4441D-15  0.1462D+01
     UREA  0.1670D+00  0.1670D+00
     NH3  -0.7032D+00 -0.1216D+01
     NH4   0.3680D+00 -0.9786D+00
      H    0.1224D+01 -0.7742D+00
     HCO2  0.0000D+00  0.2202D+00
    H2CO2  0.1149D+02  0.1717D+01
     GLUC -0.8882D-15  0.2038D+01
1
              FIVMA       FIVSA       FEVM        FEVS        FLUXV
           0.1599D-05  0.1599D-05  0.2146D-04  0.2298D-04  0.2306D-04


              FIKMA       FIKSA       FEKM        FEKS        FLUXS
      NA   0.1596D-05  0.1596D-05  0.1948D-05  0.3501D-05  0.3544D-05
      K   -0.6417D-07 -0.6417D-07  0.4271D-07 -0.1948D-07 -0.2145D-07
      CL   0.3266D-06  0.3266D-06  0.2647D-05  0.2965D-05  0.2974D-05
     HCO3 -0.1351D-06  0.9672D-06 -0.5659D-06  0.3435D-06 -0.7010D-06
    H2CO3  0.2567D-08 -0.1284D-10  0.4326D-10  0.1831D-09  0.2610D-08
     CO2   0.1095D-05  0.8845D-07  0.5435D-08  0.7046D-07  0.1100D-05
     HPO4 -0.4427D-08  0.1067D-07  0.1824D-07  0.5408D-07  0.1381D-07
    H2PO4  0.4597D-07  0.3087D-07  0.2810D-07  0.3267D-07  0.7406D-07
     UREA  0.3794D-08  0.3794D-08  0.9884D-07  0.1025D-06  0.1026D-06
     NH3  -0.7075D-08 -0.2146D-07 -0.1181D-08 -0.4085D-09 -0.8256D-08
     NH4  -0.1702D-06 -0.1349D-06  0.1824D-06  0.2956D-07  0.1214D-07
      H   -0.1301D-05 -0.1629D-07  0.2671D-09  0.6119D-09 -0.1301D-05
     HCO2 -0.1991D-06  0.3637D-08  0.5864D-07  0.6373D-07 -0.1405D-06
    H2CO2  0.2046D-06  0.1886D-08  0.1094D-09  0.5185D-10  0.2047D-06
     GLUC  0.4380D-07  0.4380D-07 -0.4379D-07 -0.9935D-09  0.1017D-10

              CIKMA       CIKSA       JNHE        JNAGLU      JNAPI       JCLF        JCLB        JKCL        JNAB        JNACLB
      NA   0.1596D-05  0.2753D-06  0.1462D-05  0.4380D-07  0.4597D-07                                      0.4166D-06 -0.1414D-06
      K    0.0000D+00  0.1852D-06                                                              0.1852D-06                        
      CL   0.3266D-06  0.3266D-06                                      0.1991D-06  0.1275D-06  0.1852D-06              0.1414D-06
     HCO3 -0.1275D-06  0.9672D-06                                                 -0.1275D-06              0.1250D-05 -0.2827D-06
    H2CO3  0.0000D+00  0.0000D+00                                                                                                
     CO2   0.0000D+00  0.0000D+00                                                                                                
     HPO4  0.0000D+00  0.0000D+00                          0.4597D-07                                                            
    H2PO4  0.4597D-07  0.0000D+00                                                                                                
     UREA  0.0000D+00  0.0000D+00                                                                                                
     NH3   0.0000D+00  0.0000D+00                                                                                                
     NH4  -0.1794D-06  0.0000D+00 -0.1794D-06                                                                                    
      H   -0.1283D-05  0.0000D+00 -0.1283D-05                                                                                    
     HCO2 -0.1991D-06  0.0000D+00                                     -0.1991D-06                                                
    H2CO2  0.0000D+00  0.0000D+00                                                                                                
     GLUC  0.4380D-07  0.0000D+00              0.4380D-07                                                                        

              PIKMA       PIKSA
      NA   0.0000D+00  0.1337D-05
      K    0.0000D+00 -0.7780D-06
      CL   0.0000D+00  0.0000D+00
     HCO3  0.0000D+00  0.0000D+00
    H2CO3  0.0000D+00  0.0000D+00
     CO2   0.0000D+00  0.0000D+00
     HPO4  0.0000D+00  0.0000D+00
    H2PO4  0.0000D+00  0.0000D+00
     UREA  0.0000D+00  0.0000D+00
     NH3   0.0000D+00  0.0000D+00
     NH4   0.0000D+00 -0.1138D-06
      H   -0.4368D-07  0.0000D+00
     HCO2  0.0000D+00  0.0000D+00
    H2CO2  0.0000D+00  0.0000D+00
     GLUC  0.0000D+00  0.0000D+00

              GIKMA       GIKSA
      NA   0.0000D+00 -0.1653D-07
      K   -0.6417D-07  0.5286D-06
      CL   0.0000D+00  0.0000D+00
     HCO3 -0.7634D-08  0.0000D+00
    H2CO3  0.2567D-08 -0.1284D-10
     CO2   0.1095D-05  0.8845D-07
     HPO4 -0.4427D-08  0.1067D-07
    H2PO4  0.0000D+00  0.3087D-07
     UREA  0.3794D-08  0.3794D-08
     NH3  -0.7075D-08 -0.2146D-07
     NH4   0.9137D-08 -0.2102D-07
      H    0.2553D-07 -0.1629D-07
     HCO2  0.0000D+00  0.3637D-08
    H2CO2  0.2046D-06  0.1886D-08
     GLUC  0.0000D+00  0.4380D-07
1
              FIVMA       FIVSA       FEVM        FEVS        FLUXV
           0.7533D+02  0.7533D+02  0.1011D+04  0.1082D+04  0.1086D+04


              FIKMA       FIKSA       FEKM        FEKS        FLUXS
      NA   0.7516D+02  0.7516D+02  0.9177D+02  0.1649D+03  0.1669D+03
      K   -0.3022D+01 -0.3022D+01  0.2012D+01 -0.9174D+00 -0.1010D+01
      CL   0.1538D+02  0.1538D+02  0.1247D+03  0.1396D+03  0.1401D+03
     HCO3 -0.6363D+01  0.4555D+02 -0.2666D+02  0.1618D+02 -0.3302D+02
    H2CO3  0.1209D+00 -0.6047D-03  0.2038D-02  0.8624D-02  0.1229D+00
     CO2   0.5156D+02  0.4166D+01  0.2560D+00  0.3318D+01  0.5181D+02
     HPO4 -0.2085D+00  0.5027D+00  0.8590D+00  0.2547D+01  0.6505D+00
    H2PO4  0.2165D+01  0.1454D+01  0.1323D+01  0.1539D+01  0.3488D+01
     UREA  0.1787D+00  0.1787D+00  0.4656D+01  0.4829D+01  0.4834D+01
     NH3  -0.3332D+00 -0.1011D+01 -0.5561D-01 -0.1924D-01 -0.3888D+00
     NH4  -0.8018D+01 -0.6352D+01  0.8590D+01  0.1392D+01  0.5720D+00
      H   -0.6128D+02 -0.7671D+00  0.1258D-01  0.2882D-01 -0.6127D+02
     HCO2 -0.9378D+01  0.1713D+00  0.2762D+01  0.3001D+01 -0.6616D+01
    H2CO2  0.9638D+01  0.8885D-01  0.5153D-02  0.2442D-02  0.9643D+01
     GLUC  0.2063D+01  0.2063D+01 -0.2062D+01 -0.4679D-01  0.4791D-03

              CIKMA       CIKSA       JNHE        JNAGLU      JNAPI       JCLF        JCLB        JKCL        JNAB        JNACLB
      NA   0.7516D+02  0.1297D+02  0.6887D+02  0.2063D+01  0.2165D+01                                      0.1962D+02 -0.6658D+01
      K    0.0000D+00  0.8723D+01                                                              0.8723D+01                        
      CL   0.1538D+02  0.1538D+02                                      0.9378D+01  0.6003D+01  0.8723D+01              0.6658D+01
     HCO3 -0.6003D+01  0.4555D+02                                                 -0.6003D+01              0.5887D+02 -0.1332D+02
    H2CO3  0.0000D+00  0.0000D+00                                                                                                
     CO2   0.0000D+00  0.0000D+00                                                                                                
     HPO4  0.0000D+00  0.0000D+00                          0.2165D+01                                                            
    H2PO4  0.2165D+01  0.0000D+00                                                                                                
     UREA  0.0000D+00  0.0000D+00                                                                                                
     NH3   0.0000D+00  0.0000D+00                                                                                                
     NH4  -0.8449D+01  0.0000D+00 -0.8449D+01                                                                                    
      H   -0.6042D+02  0.0000D+00 -0.6042D+02                                                                                    
     HCO2 -0.9378D+01  0.0000D+00                                     -0.9378D+01                                                
    H2CO2  0.0000D+00  0.0000D+00                                                                                                
     GLUC  0.2063D+01  0.0000D+00              0.2063D+01                                                                        

              PIKMA       PIKSA
      NA   0.0000D+00  0.6298D+02
      K    0.0000D+00 -0.3664D+02
      CL   0.0000D+00  0.0000D+00
     HCO3  0.0000D+00  0.0000D+00
    H2CO3  0.0000D+00  0.0000D+00
     CO2   0.0000D+00  0.0000D+00
     HPO4  0.0000D+00  0.0000D+00
    H2PO4  0.0000D+00  0.0000D+00
     UREA  0.0000D+00  0.0000D+00
     NH3   0.0000D+00  0.0000D+00
     NH4   0.0000D+00 -0.5361D+01
      H   -0.2057D+01  0.0000D+00
     HCO2  0.0000D+00  0.0000D+00
    H2CO2  0.0000D+00  0.0000D+00
     GLUC  0.0000D+00  0.0000D+00

              GIKMA       GIKSA
      NA  -0.1421D-13 -0.7786D+00
      K   -0.3022D+01  0.2490D+02
      CL   0.1776D-14  0.1665D-13
     HCO3 -0.3596D+00  0.4174D-13
    H2CO3  0.1209D+00 -0.6047D-03
     CO2   0.5156D+02  0.4166D+01
     HPO4 -0.2085D+00  0.5027D+00
    H2PO4  0.8882D-15  0.1454D+01
     UREA  0.1787D+00  0.1787D+00
     NH3  -0.3332D+00 -0.1011D+01
     NH4   0.4303D+00 -0.9903D+00
      H    0.1202D+01 -0.7671D+00
     HCO2  0.0000D+00  0.1713D+00
    H2CO2  0.9638D+01  0.8885D-01
     GLUC  0.8882D-15  0.2063D+01
