   -0.36764422324585203927D-01
    0.17046482029736782948D+02
    0.15275737342281461850D+00
    0.93755278081888316494D-02
    0.13806783864956723162D+00
    0.21586735371921659393D-01
    0.45250938096303077174D+01
    0.15458755547719683215D-02
    0.13335764839802601110D-02
    0.47474325756824615509D-03
    0.82456020173942885798D-02
    0.16066561697913471107D+02
    0.12804518465127294746D+01
    0.56420987899097482909D+02
    0.61693925148612808844D-03
    0.20030098214761310471D+00
    0.28104770338061072464D-02
   -0.48931175996884284984D+02
    0.71189136598461572047D-01
    0.20301862032187773660D-01
    0.15070327512999870390D+00
    0.26776786462866297711D-01
    0.24463089071345624215D-01
    0.44798627269484923019D+01
    0.15329226069611277729D-02
    0.88954840777883664032D-02
    0.27664527307015174956D-02
    0.77174105624663530759D-02
    0.11538816121226176392D+02
    0.80336766512228841020D+00
    0.49289393766413276410D+02
    0.99938252967501179855D-03
    0.28345571674240177540D+00
    0.72221320909487312159D-02
    0.21137884818211989391D+01
    0.83295621663252230604D+01
    0.14437120443722137320D+00
    0.57036290253993102498D-02
    0.13098740519891949319D+00
    0.13545494648467295423D-01
    0.43993511870056520863D+01
    0.15020697179180598265D-02
    0.18481572235086326204D-02
    0.10193725493586006537D-02
    0.72645045537558673027D-02
    0.47553461252233786283D+01
    0.58718584979554400149D+00
    0.87416583614067064900D+02
    0.14135215600521444657D-02
    0.71104364136597553170D+00
    0.43581976065552502364D-01
    0.14379599831619307992D+00
    0.00000000000000000000D+00
