

 DIST  Na:   FLUX      FEKM      FIKM
 1.0000    199.8911  199.8911    0.0000
 1.0025    197.0992  197.0992    0.0000
 1.0050    194.0514  194.0514    0.0000
 1.0075    190.8099  190.8099    0.0000
 1.0100    187.4258  187.4258    0.0000
 1.0125    183.9375  183.9375    0.0000
 1.0150    180.3777  180.3777    0.0000
 1.0175    176.7762  176.7762    0.0000
 1.0200    173.1609  173.1609    0.0000
 1.0225    169.5575  169.5575    0.0000
 1.0250    165.9900  165.9900    0.0000
 1.0275    162.4797  162.4797    0.0000
 1.0300    159.0456  159.0456    0.0000
 1.0325    155.7040  155.7040    0.0000
 1.0350    152.4687  152.4687    0.0000
 1.0375    149.3506  149.3506    0.0000
 1.0400    146.3584  146.3584    0.0000
 1.0425    143.4981  143.4981    0.0000
 1.0450    140.7736  140.7736    0.0000
 1.0475    138.1866  138.1866    0.0000
 1.0500    135.7371  135.7371    0.0000
 1.0525    133.4235  133.4235    0.0000
 1.0550    131.2429  131.2429    0.0000
 1.0575    129.1911  129.1911    0.0000
 1.0600    127.2632  127.2632    0.0000
 1.0625    125.4534  125.4534    0.0000
 1.0650    123.7556  123.7556    0.0000
 1.0675    122.1631  122.1631    0.0000
 1.0700    120.6693  120.6693    0.0000
 1.0725    119.2672  119.2672    0.0000
 1.0750    117.9502  117.9502    0.0000
 1.0775    116.7117  116.7117    0.0000
 1.0800    115.5451  115.5451    0.0000
 1.0825    114.4444  114.4444    0.0000
 1.0850    113.4037  113.4037    0.0000
 1.0875    112.4174  112.4174    0.0000
 1.0900    111.4804  111.4804    0.0000
 1.0925    110.5881  110.5881    0.0000
 1.0950    109.7358  109.7358    0.0000
 1.0975    108.9195  108.9195    0.0000
 1.1000    108.1356  108.1356    0.0000


 DIST  K:     FLUX      FEKM      FIKM
 1.0000     19.2334   19.2334    0.0000
 1.0025     18.9314   18.9314    0.0000
 1.0050     18.6144   18.6144    0.0000
 1.0075     18.2855   18.2855    0.0000
 1.0100     17.9477   17.9477    0.0000
 1.0125     17.6031   17.6031    0.0000
 1.0150     17.2536   17.2536    0.0000
 1.0175     16.9008   16.9008    0.0000
 1.0200     16.5465   16.5465    0.0000
 1.0225     16.1921   16.1921    0.0000
 1.0250     15.8391   15.8391    0.0000
 1.0275     15.4888   15.4888    0.0000
 1.0300     15.1422   15.1422    0.0000
 1.0325     14.8004   14.8004    0.0000
 1.0350     14.4643   14.4643    0.0000
 1.0375     14.1346   14.1346    0.0000
 1.0400     13.8118   13.8118    0.0000
 1.0425     13.4965   13.4965    0.0000
 1.0450     13.1888   13.1888    0.0000
 1.0475     12.8892   12.8892    0.0000
 1.0500     12.5976   12.5976    0.0000
 1.0525     12.3142   12.3142    0.0000
 1.0550     12.0388   12.0388    0.0000
 1.0575     11.7714   11.7714    0.0000
 1.0600     11.5118   11.5118    0.0000
 1.0625     11.2597   11.2597    0.0000
 1.0650     11.0151   11.0151    0.0000
 1.0675     10.7776   10.7776    0.0000
 1.0700     10.5469   10.5469    0.0000
 1.0725     10.3228   10.3228    0.0000
 1.0750     10.1049   10.1049    0.0000
 1.0775      9.8931    9.8931    0.0000
 1.0800      9.6870    9.6870    0.0000
 1.0825      9.4864    9.4864    0.0000
 1.0850      9.2910    9.2910    0.0000
 1.0875      9.1006    9.1006    0.0000
 1.0900      8.9149    8.9149    0.0000
 1.0925      8.7338    8.7338    0.0000
 1.0950      8.5570    8.5570    0.0000
 1.0975      8.3844    8.3844    0.0000
 1.1000      8.2159    8.2159    0.0000


 DIST  Cl:   FLUX      FEKM      FIKM
 1.0000    223.7602  223.7602    0.0000
 1.0025    220.6760  220.6760    0.0000
 1.0050    217.3173  217.3173    0.0000
 1.0075    213.7515  213.7515    0.0000
 1.0100    210.0331  210.0331    0.0000
 1.0125    206.2028  206.2028    0.0000
 1.0150    202.2949  202.2949    0.0000
 1.0175    198.3409  198.3409    0.0000
 1.0200    194.3702  194.3702    0.0000
 1.0225    190.4099  190.4099    0.0000
 1.0250    186.4852  186.4852    0.0000
 1.0275    182.6188  182.6188    0.0000
 1.0300    178.8307  178.8307    0.0000
 1.0325    175.1384  175.1384    0.0000
 1.0350    171.5563  171.5563    0.0000
 1.0375    168.0962  168.0962    0.0000
 1.0400    164.7674  164.7674    0.0000
 1.0425    161.5764  161.5764    0.0000
 1.0450    158.5274  158.5274    0.0000
 1.0475    155.6226  155.6226    0.0000
 1.0500    152.8621  152.8621    0.0000
 1.0525    150.2444  150.2444    0.0000
 1.0550    147.7665  147.7665    0.0000
 1.0575    145.4244  145.4244    0.0000
 1.0600    143.2130  143.2130    0.0000
 1.0625    141.1263  141.1263    0.0000
 1.0650    139.1580  139.1580    0.0000
 1.0675    137.3014  137.3014    0.0000
 1.0700    135.5495  135.5495    0.0000
 1.0725    133.8952  133.8952    0.0000
 1.0750    132.3315  132.3315    0.0000
 1.0775    130.8516  130.8516    0.0000
 1.0800    129.4487  129.4487    0.0000
 1.0825    128.1165  128.1165    0.0000
 1.0850    126.8489  126.8489    0.0000
 1.0875    125.6400  125.6400    0.0000
 1.0900    124.4846  124.4846    0.0000
 1.0925    123.3777  123.3777    0.0000
 1.0950    122.3145  122.3145    0.0000
 1.0975    121.2910  121.2910    0.0000
 1.1000    120.3031  120.3031    0.0000


 DIST  NH4:   FLUX      FEKM      FIKM      JNH3
 1.0000      3.4711    3.4711    0.0000   -9.1083
 1.0025      3.4369    3.4369    0.0000   -9.1083
 1.0050      3.3996    3.3996    0.0000   -9.1083
 1.0075      3.3598    3.3598    0.0000   -9.1083
 1.0100      3.3181    3.3181    0.0000   -9.1083
 1.0125      3.2750    3.2750    0.0000   -9.1083
 1.0150      3.2309    3.2309    0.0000   -9.1083
 1.0175      3.1863    3.1863    0.0000   -9.1083
 1.0200      3.1416    3.1416    0.0000   -9.1083
 1.0225      3.0972    3.0972    0.0000   -9.1083
 1.0250      3.0535    3.0535    0.0000   -9.1083
 1.0275      3.0109    3.0109    0.0000   -9.1083
 1.0300      2.9697    2.9697    0.0000   -9.1083
 1.0325      2.9300    2.9300    0.0000   -9.1083
 1.0350      2.8923    2.8923    0.0000   -9.1083
 1.0375      2.8567    2.8567    0.0000   -9.1083
 1.0400      2.8233    2.8233    0.0000   -9.1083
 1.0425      2.7922    2.7922    0.0000   -9.1083
 1.0450      2.7636    2.7636    0.0000   -9.1083
 1.0475      2.7375    2.7375    0.0000   -9.1083
 1.0500      2.7139    2.7139    0.0000   -9.1083
 1.0525      2.6927    2.6927    0.0000   -9.1083
 1.0550      2.6740    2.6740    0.0000   -9.1083
 1.0575      2.6576    2.6576    0.0000   -9.1083
 1.0600      2.6435    2.6435    0.0000   -9.1083
 1.0625      2.6315    2.6315    0.0000   -9.1083
 1.0650      2.6216    2.6216    0.0000   -9.1083
 1.0675      2.6136    2.6136    0.0000   -9.1083
 1.0700      2.6074    2.6074    0.0000   -9.1083
 1.0725      2.6028    2.6028    0.0000   -9.1083
 1.0750      2.5997    2.5997    0.0000   -9.1083
 1.0775      2.5980    2.5980    0.0000   -9.1083
 1.0800      2.5974    2.5974    0.0000   -9.1083
 1.0825      2.5980    2.5980    0.0000   -9.1083
 1.0850      2.5994    2.5994    0.0000   -9.1083
 1.0875      2.6017    2.6017    0.0000   -9.1083
 1.0900      2.6046    2.6046    0.0000   -9.1083
 1.0925      2.6081    2.6081    0.0000   -9.1083
 1.0950      2.6120    2.6120    0.0000   -9.1083
 1.0975      2.6162    2.6162    0.0000   -9.1083
 1.1000      2.6205    2.6205    0.0000   -9.1083


 DIST  Na:   FLUX      FEKM      FIKM
 1.0000    213.6696  213.6696    0.0000
 1.0025    212.1297  212.1297    0.0000
 1.0050    210.2937  210.2937    0.0000
 1.0075    208.2006  208.2006    0.0000
 1.0100    205.8875  205.8875    0.0000
 1.0125    203.3826  203.3826    0.0000
 1.0150    200.7102  200.7102    0.0000
 1.0175    197.8935  197.8935    0.0000
 1.0200    194.9554  194.9554    0.0000
 1.0225    191.9190  191.9190    0.0000
 1.0250    188.8068  188.8068    0.0000
 1.0275    185.6411  185.6411    0.0000
 1.0300    182.4436  182.4436    0.0000
 1.0325    179.2347  179.2347    0.0000
 1.0350    176.0337  176.0337    0.0000
 1.0375    172.8585  172.8585    0.0000
 1.0400    169.7254  169.7254    0.0000
 1.0425    166.6488  166.6488    0.0000
 1.0450    163.6414  163.6414    0.0000
 1.0475    160.7141  160.7141    0.0000
 1.0500    157.8759  157.8759    0.0000
 1.0525    155.1340  155.1340    0.0000
 1.0550    152.4941  152.4941    0.0000
 1.0575    149.9598  149.9598    0.0000
 1.0600    147.5337  147.5337    0.0000
 1.0625    145.2168  145.2168    0.0000
 1.0650    143.0089  143.0089    0.0000
 1.0675    140.9088  140.9088    0.0000
 1.0700    138.9143  138.9143    0.0000
 1.0725    137.0225  137.0225    0.0000
 1.0750    135.2297  135.2297    0.0000
 1.0775    133.5320  133.5320    0.0000
 1.0800    131.9249  131.9249    0.0000
 1.0825    130.4037  130.4037    0.0000
 1.0850    128.9635  128.9635    0.0000
 1.0875    127.5992  127.5992    0.0000
 1.0900    126.3061  126.3061    0.0000
 1.0925    125.0791  125.0791    0.0000
 1.0950    123.9135  123.9135    0.0000
 1.0975    122.8046  122.8046    0.0000
 1.1000    121.7479  121.7479    0.0000


 DIST  K:     FLUX      FEKM      FIKM
 1.0000     21.0762   21.0762    0.0000
 1.0025     20.8553   20.8553    0.0000
 1.0050     20.6167   20.6167    0.0000
 1.0075     20.3625   20.3625    0.0000
 1.0100     20.0948   20.0948    0.0000
 1.0125     19.8150   19.8150    0.0000
 1.0150     19.5246   19.5246    0.0000
 1.0175     19.2250   19.2250    0.0000
 1.0200     18.9175   18.9175    0.0000
 1.0225     18.6035   18.6035    0.0000
 1.0250     18.2842   18.2842    0.0000
 1.0275     17.9611   17.9611    0.0000
 1.0300     17.6353   17.6353    0.0000
 1.0325     17.3080   17.3080    0.0000
 1.0350     16.9805   16.9805    0.0000
 1.0375     16.6538   16.6538    0.0000
 1.0400     16.3288   16.3288    0.0000
 1.0425     16.0065   16.0065    0.0000
 1.0450     15.6876   15.6876    0.0000
 1.0475     15.3729   15.3729    0.0000
 1.0500     15.0629   15.0629    0.0000
 1.0525     14.7581   14.7581    0.0000
 1.0550     14.4589   14.4589    0.0000
 1.0575     14.1657   14.1657    0.0000
 1.0600     13.8786   13.8786    0.0000
 1.0625     13.5979   13.5979    0.0000
 1.0650     13.3236   13.3236    0.0000
 1.0675     13.0557   13.0557    0.0000
 1.0700     12.7943   12.7943    0.0000
 1.0725     12.5392   12.5392    0.0000
 1.0750     12.2904   12.2904    0.0000
 1.0775     12.0478   12.0478    0.0000
 1.0800     11.8112   11.8112    0.0000
 1.0825     11.5804   11.5804    0.0000
 1.0850     11.3552   11.3552    0.0000
 1.0875     11.1355   11.1355    0.0000
 1.0900     10.9211   10.9211    0.0000
 1.0925     10.7117   10.7117    0.0000
 1.0950     10.5072   10.5072    0.0000
 1.0975     10.3074   10.3074    0.0000
 1.1000     10.1121   10.1121    0.0000


 DIST  Cl:   FLUX      FEKM      FIKM
 1.0000    239.2779  239.2779    0.0000
 1.0025    237.5193  237.5193    0.0000
 1.0050    235.4443  235.4443    0.0000
 1.0075    233.0958  233.0958    0.0000
 1.0100    230.5136  230.5136    0.0000
 1.0125    227.7275  227.7275    0.0000
 1.0150    224.7632  224.7632    0.0000
 1.0175    221.6452  221.6452    0.0000
 1.0200    218.3974  218.3974    0.0000
 1.0225    215.0442  215.0442    0.0000
 1.0250    211.6092  211.6092    0.0000
 1.0275    208.1161  208.1161    0.0000
 1.0300    204.5874  204.5874    0.0000
 1.0325    201.0449  201.0449    0.0000
 1.0350    197.5090  197.5090    0.0000
 1.0375    193.9984  193.9984    0.0000
 1.0400    190.5305  190.5305    0.0000
 1.0425    187.1205  187.1205    0.0000
 1.0450    183.7819  183.7819    0.0000
 1.0475    180.5263  180.5263    0.0000
 1.0500    177.3634  177.3634    0.0000
 1.0525    174.3009  174.3009    0.0000
 1.0550    171.3447  171.3447    0.0000
 1.0575    168.4990  168.4990    0.0000
 1.0600    165.7667  165.7667    0.0000
 1.0625    163.1489  163.1489    0.0000
 1.0650    160.6455  160.6455    0.0000
 1.0675    158.2555  158.2555    0.0000
 1.0700    155.9767  155.9767    0.0000
 1.0725    153.8061  153.8061    0.0000
 1.0750    151.7401  151.7401    0.0000
 1.0775    149.7745  149.7745    0.0000
 1.0800    147.9049  147.9049    0.0000
 1.0825    146.1262  146.1262    0.0000
 1.0850    144.4336  144.4336    0.0000
 1.0875    142.8218  142.8218    0.0000
 1.0900    141.2857  141.2857    0.0000
 1.0925    139.8203  139.8203    0.0000
 1.0950    138.4205  138.4205    0.0000
 1.0975    137.0815  137.0815    0.0000
 1.1000    135.7986  135.7986    0.0000


 DIST  NH4:   FLUX      FEKM      FIKM      JNH3
 1.0000      3.5745    3.5745    0.0000  -10.5035
 1.0025      3.5575    3.5575    0.0000  -10.5035
 1.0050      3.5370    3.5370    0.0000  -10.5035
 1.0075      3.5132    3.5132    0.0000  -10.5035
 1.0100      3.4865    3.4865    0.0000  -10.5035
 1.0125      3.4572    3.4572    0.0000  -10.5035
 1.0150      3.4257    3.4257    0.0000  -10.5035
 1.0175      3.3922    3.3922    0.0000  -10.5035
 1.0200      3.3571    3.3571    0.0000  -10.5035
 1.0225      3.3207    3.3207    0.0000  -10.5035
 1.0250      3.2833    3.2833    0.0000  -10.5035
 1.0275      3.2453    3.2453    0.0000  -10.5035
 1.0300      3.2070    3.2070    0.0000  -10.5035
 1.0325      3.1686    3.1686    0.0000  -10.5035
 1.0350      3.1307    3.1307    0.0000  -10.5035
 1.0375      3.0933    3.0933    0.0000  -10.5035
 1.0400      3.0568    3.0568    0.0000  -10.5035
 1.0425      3.0214    3.0214    0.0000  -10.5035
 1.0450      2.9873    2.9873    0.0000  -10.5035
 1.0475      2.9547    2.9547    0.0000  -10.5035
 1.0500      2.9238    2.9238    0.0000  -10.5035
 1.0525      2.8947    2.8947    0.0000  -10.5035
 1.0550      2.8674    2.8674    0.0000  -10.5035
 1.0575      2.8421    2.8421    0.0000  -10.5035
 1.0600      2.8189    2.8189    0.0000  -10.5035
 1.0625      2.7976    2.7976    0.0000  -10.5035
 1.0650      2.7784    2.7784    0.0000  -10.5035
 1.0675      2.7611    2.7611    0.0000  -10.5035
 1.0700      2.7458    2.7458    0.0000  -10.5035
 1.0725      2.7324    2.7324    0.0000  -10.5035
 1.0750      2.7208    2.7208    0.0000  -10.5035
 1.0775      2.7109    2.7109    0.0000  -10.5035
 1.0800      2.7027    2.7027    0.0000  -10.5035
 1.0825      2.6960    2.6960    0.0000  -10.5035
 1.0850      2.6907    2.6907    0.0000  -10.5035
 1.0875      2.6868    2.6868    0.0000  -10.5035
 1.0900      2.6840    2.6840    0.0000  -10.5035
 1.0925      2.6824    2.6824    0.0000  -10.5035
 1.0950      2.6817    2.6817    0.0000  -10.5035
 1.0975      2.6818    2.6818    0.0000  -10.5035
 1.1000      2.6828    2.6828    0.0000  -10.5035


 DIST  Na:   FLUX      FEKM      FIKM
 1.0000    223.8437  223.8437    0.0000
 1.0025    223.2853  223.2853    0.0000
 1.0050    222.4241  222.4241    0.0000
 1.0075    221.2834  221.2834    0.0000
 1.0100    219.8900  219.8900    0.0000
 1.0125    218.2637  218.2637    0.0000
 1.0150    216.4212  216.4212    0.0000
 1.0175    214.3788  214.3788    0.0000
 1.0200    212.1533  212.1533    0.0000
 1.0225    209.7621  209.7621    0.0000
 1.0250    207.2235  207.2235    0.0000
 1.0275    204.5564  204.5564    0.0000
 1.0300    201.7801  201.7801    0.0000
 1.0325    198.9138  198.9138    0.0000
 1.0350    195.9771  195.9771    0.0000
 1.0375    192.9888  192.9888    0.0000
 1.0400    189.9674  189.9674    0.0000
 1.0425    186.9305  186.9305    0.0000
 1.0450    183.8947  183.8947    0.0000
 1.0475    180.8756  180.8756    0.0000
 1.0500    177.8873  177.8873    0.0000
 1.0525    174.9428  174.9428    0.0000
 1.0550    172.0533  172.0533    0.0000
 1.0575    169.2289  169.2289    0.0000
 1.0600    166.4780  166.4780    0.0000
 1.0625    163.8076  163.8076    0.0000
 1.0650    161.2234  161.2234    0.0000
 1.0675    158.7295  158.7295    0.0000
 1.0700    156.3289  156.3289    0.0000
 1.0725    154.0236  154.0236    0.0000
 1.0750    151.8141  151.8141    0.0000
 1.0775    149.7003  149.7003    0.0000
 1.0800    147.6812  147.6812    0.0000
 1.0825    145.7549  145.7549    0.0000
 1.0850    143.9192  143.9192    0.0000
 1.0875    142.1711  142.1711    0.0000
 1.0900    140.5072  140.5072    0.0000
 1.0925    138.9240  138.9240    0.0000
 1.0950    137.4177  137.4177    0.0000
 1.0975    135.9841  135.9841    0.0000
 1.1000    134.6193  134.6193    0.0000


 DIST  K:     FLUX      FEKM      FIKM
 1.0000     22.5530   22.5530    0.0000
 1.0025     22.3967   22.3967    0.0000
 1.0050     22.2220   22.2220    0.0000
 1.0075     22.0302   22.0302    0.0000
 1.0100     21.8228   21.8228    0.0000
 1.0125     21.6009   21.6009    0.0000
 1.0150     21.3655   21.3655    0.0000
 1.0175     21.1175   21.1175    0.0000
 1.0200     20.8580   20.8580    0.0000
 1.0225     20.5879   20.5879    0.0000
 1.0250     20.3084   20.3084    0.0000
 1.0275     20.0205   20.0205    0.0000
 1.0300     19.7255   19.7255    0.0000
 1.0325     19.4243   19.4243    0.0000
 1.0350     19.1182   19.1182    0.0000
 1.0375     18.8083   18.8083    0.0000
 1.0400     18.4957   18.4957    0.0000
 1.0425     18.1813   18.1813    0.0000
 1.0450     17.8663   17.8663    0.0000
 1.0475     17.5514   17.5514    0.0000
 1.0500     17.2376   17.2376    0.0000
 1.0525     16.9257   16.9257    0.0000
 1.0550     16.6164   16.6164    0.0000
 1.0575     16.3102   16.3102    0.0000
 1.0600     16.0078   16.0078    0.0000
 1.0625     15.7096   15.7096    0.0000
 1.0650     15.4161   15.4161    0.0000
 1.0675     15.1274   15.1274    0.0000
 1.0700     14.8440   14.8440    0.0000
 1.0725     14.5659   14.5659    0.0000
 1.0750     14.2933   14.2933    0.0000
 1.0775     14.0263   14.0263    0.0000
 1.0800     13.7650   13.7650    0.0000
 1.0825     13.5093   13.5093    0.0000
 1.0850     13.2591   13.2591    0.0000
 1.0875     13.0145   13.0145    0.0000
 1.0900     12.7753   12.7753    0.0000
 1.0925     12.5413   12.5413    0.0000
 1.0950     12.3126   12.3126    0.0000
 1.0975     12.0888   12.0888    0.0000
 1.1000     11.8700   11.8700    0.0000


 DIST  Cl:   FLUX      FEKM      FIKM
 1.0000    250.8407  250.8407    0.0000
 1.0025    250.1219  250.1219    0.0000
 1.0050    249.0800  249.0800    0.0000
 1.0075    247.7413  247.7413    0.0000
 1.0100    246.1346  246.1346    0.0000
 1.0125    244.2810  244.2810    0.0000
 1.0150    242.1983  242.1983    0.0000
 1.0175    239.9034  239.9034    0.0000
 1.0200    237.4140  237.4140    0.0000
 1.0225    234.7485  234.7485    0.0000
 1.0250    231.9261  231.9261    0.0000
 1.0275    228.9665  228.9665    0.0000
 1.0300    225.8900  225.8900    0.0000
 1.0325    222.7170  222.7170    0.0000
 1.0350    219.4680  219.4680    0.0000
 1.0375    216.1628  216.1628    0.0000
 1.0400    212.8210  212.8210    0.0000
 1.0425    209.4610  209.4610    0.0000
 1.0450    206.1005  206.1005    0.0000
 1.0475    202.7559  202.7559    0.0000
 1.0500    199.4422  199.4422    0.0000
 1.0525    196.1730  196.1730    0.0000
 1.0550    192.9605  192.9605    0.0000
 1.0575    189.8152  189.8152    0.0000
 1.0600    186.7461  186.7461    0.0000
 1.0625    183.7608  183.7608    0.0000
 1.0650    180.8652  180.8652    0.0000
 1.0675    178.0641  178.0641    0.0000
 1.0700    175.3605  175.3605    0.0000
 1.0725    172.7566  172.7566    0.0000
 1.0750    170.2533  170.2533    0.0000
 1.0775    167.8504  167.8504    0.0000
 1.0800    165.5472  165.5472    0.0000
 1.0825    163.3417  163.3417    0.0000
 1.0850    161.2316  161.2316    0.0000
 1.0875    159.2139  159.2139    0.0000
 1.0900    157.2852  157.2852    0.0000
 1.0925    155.4420  155.4420    0.0000
 1.0950    153.6801  153.6801    0.0000
 1.0975    151.9955  151.9955    0.0000
 1.1000    150.3838  150.3838    0.0000


 DIST  NH4:   FLUX      FEKM      FIKM      JNH3
 1.0000      3.6461    3.6461    0.0000  -11.6180
 1.0025      3.6423    3.6423    0.0000  -11.6180
 1.0050      3.6350    3.6350    0.0000  -11.6180
 1.0075      3.6243    3.6243    0.0000  -11.6180
 1.0100      3.6103    3.6103    0.0000  -11.6180
 1.0125      3.5932    3.5932    0.0000  -11.6180
 1.0150      3.5733    3.5733    0.0000  -11.6180
 1.0175      3.5508    3.5508    0.0000  -11.6180
 1.0200      3.5257    3.5257    0.0000  -11.6180
 1.0225      3.4984    3.4984    0.0000  -11.6180
 1.0250      3.4692    3.4692    0.0000  -11.6180
 1.0275      3.4382    3.4382    0.0000  -11.6180
 1.0300      3.4057    3.4057    0.0000  -11.6180
 1.0325      3.3721    3.3721    0.0000  -11.6180
 1.0350      3.3375    3.3375    0.0000  -11.6180
 1.0375      3.3024    3.3024    0.0000  -11.6180
 1.0400      3.2669    3.2669    0.0000  -11.6180
 1.0425      3.2314    3.2314    0.0000  -11.6180
 1.0450      3.1961    3.1961    0.0000  -11.6180
 1.0475      3.1613    3.1613    0.0000  -11.6180
 1.0500      3.1271    3.1271    0.0000  -11.6180
 1.0525      3.0938    3.0938    0.0000  -11.6180
 1.0550      3.0617    3.0617    0.0000  -11.6180
 1.0575      3.0308    3.0308    0.0000  -11.6180
 1.0600      3.0012    3.0012    0.0000  -11.6180
 1.0625      2.9733    2.9733    0.0000  -11.6180
 1.0650      2.9469    2.9469    0.0000  -11.6180
 1.0675      2.9222    2.9222    0.0000  -11.6180
 1.0700      2.8992    2.8992    0.0000  -11.6180
 1.0725      2.8780    2.8780    0.0000  -11.6180
 1.0750      2.8586    2.8586    0.0000  -11.6180
 1.0775      2.8410    2.8410    0.0000  -11.6180
 1.0800      2.8251    2.8251    0.0000  -11.6180
 1.0825      2.8109    2.8109    0.0000  -11.6180
 1.0850      2.7983    2.7983    0.0000  -11.6180
 1.0875      2.7874    2.7874    0.0000  -11.6180
 1.0900      2.7779    2.7779    0.0000  -11.6180
 1.0925      2.7699    2.7699    0.0000  -11.6180
 1.0950      2.7632    2.7632    0.0000  -11.6180
 1.0975      2.7577    2.7577    0.0000  -11.6180
 1.1000      2.7534    2.7534    0.0000  -11.6180


 DIST  Na:   FLUX      FEKM      FIKM
 1.0000    231.8344  231.8344    0.0000
 1.0025    232.0759  232.0759    0.0000
 1.0050    232.0218  232.0218    0.0000
 1.0075    231.6846  231.6846    0.0000
 1.0100    231.0833  231.0833    0.0000
 1.0125    230.2315  230.2315    0.0000
 1.0150    229.1400  229.1400    0.0000
 1.0175    227.8193  227.8193    0.0000
 1.0200    226.2806  226.2806    0.0000
 1.0225    224.5360  224.5360    0.0000
 1.0250    222.5989  222.5989    0.0000
 1.0275    220.4836  220.4836    0.0000
 1.0300    218.2057  218.2057    0.0000
 1.0325    215.7814  215.7814    0.0000
 1.0350    213.2275  213.2275    0.0000
 1.0375    210.5616  210.5616    0.0000
 1.0400    207.8011  207.8011    0.0000
 1.0425    204.9636  204.9636    0.0000
 1.0450    202.0666  202.0666    0.0000
 1.0475    199.1270  199.1270    0.0000
 1.0500    196.1612  196.1612    0.0000
 1.0525    193.1849  193.1849    0.0000
 1.0550    190.2129  190.2129    0.0000
 1.0575    187.2587  187.2587    0.0000
 1.0600    184.3351  184.3351    0.0000
 1.0625    181.4532  181.4532    0.0000
 1.0650    178.6233  178.6233    0.0000
 1.0675    175.8543  175.8543    0.0000
 1.0700    173.1535  173.1535    0.0000
 1.0725    170.5273  170.5273    0.0000
 1.0750    167.9807  167.9807    0.0000
 1.0775    165.5178  165.5178    0.0000
 1.0800    163.1412  163.1412    0.0000
 1.0825    160.8527  160.8527    0.0000
 1.0850    158.6532  158.6532    0.0000
 1.0875    156.5428  156.5428    0.0000
 1.0900    154.5206  154.5206    0.0000
 1.0925    152.5853  152.5853    0.0000
 1.0950    150.7349  150.7349    0.0000
 1.0975    148.9670  148.9670    0.0000
 1.1000    147.2789  147.2789    0.0000


 DIST  K:     FLUX      FEKM      FIKM
 1.0000     23.7967   23.7967    0.0000
 1.0025     23.6937   23.6937    0.0000
 1.0050     23.5726   23.5726    0.0000
 1.0075     23.4341   23.4341    0.0000
 1.0100     23.2791   23.2791    0.0000
 1.0125     23.1086   23.1086    0.0000
 1.0150     22.9230   22.9230    0.0000
 1.0175     22.7231   22.7231    0.0000
 1.0200     22.5096   22.5096    0.0000
 1.0225     22.2831   22.2831    0.0000
 1.0250     22.0444   22.0444    0.0000
 1.0275     21.7944   21.7944    0.0000
 1.0300     21.5341   21.5341    0.0000
 1.0325     21.2644   21.2644    0.0000
 1.0350     20.9862   20.9862    0.0000
 1.0375     20.7006   20.7006    0.0000
 1.0400     20.4086   20.4086    0.0000
 1.0425     20.1113   20.1113    0.0000
 1.0450     19.8096   19.8096    0.0000
 1.0475     19.5046   19.5046    0.0000
 1.0500     19.1973   19.1973    0.0000
 1.0525     18.8885   18.8885    0.0000
 1.0550     18.5791   18.5791    0.0000
 1.0575     18.2700   18.2700    0.0000
 1.0600     17.9618   17.9618    0.0000
 1.0625     17.6554   17.6554    0.0000
 1.0650     17.3513   17.3513    0.0000
 1.0675     17.0502   17.0502    0.0000
 1.0700     16.7524   16.7524    0.0000
 1.0725     16.4584   16.4584    0.0000
 1.0750     16.1686   16.1686    0.0000
 1.0775     15.8833   15.8833    0.0000
 1.0800     15.6026   15.6026    0.0000
 1.0825     15.3269   15.3269    0.0000
 1.0850     15.0561   15.0561    0.0000
 1.0875     14.7905   14.7905    0.0000
 1.0900     14.5300   14.5300    0.0000
 1.0925     14.2747   14.2747    0.0000
 1.0950     14.0245   14.0245    0.0000
 1.0975     13.7794   13.7794    0.0000
 1.1000     13.5394   13.5394    0.0000


 DIST  Cl:   FLUX      FEKM      FIKM
 1.0000    259.9971  259.9971    0.0000
 1.0025    260.1264  260.1264    0.0000
 1.0050    259.9404  259.9404    0.0000
 1.0075    259.4541  259.4541    0.0000
 1.0100    258.6879  258.6879    0.0000
 1.0125    257.6564  257.6564    0.0000
 1.0150    256.3712  256.3712    0.0000
 1.0175    254.8432  254.8432    0.0000
 1.0200    253.0841  253.0841    0.0000
 1.0225    251.1067  251.1067    0.0000
 1.0250    248.9250  248.9250    0.0000
 1.0275    246.5540  246.5540    0.0000
 1.0300    244.0100  244.0100    0.0000
 1.0325    241.3101  241.3101    0.0000
 1.0350    238.4720  238.4720    0.0000
 1.0375    235.5141  235.5141    0.0000
 1.0400    232.4547  232.4547    0.0000
 1.0425    229.3124  229.3124    0.0000
 1.0450    226.1056  226.1056    0.0000
 1.0475    222.8521  222.8521    0.0000
 1.0500    219.5693  219.5693    0.0000
 1.0525    216.2737  216.2737    0.0000
 1.0550    212.9809  212.9809    0.0000
 1.0575    209.7053  209.7053    0.0000
 1.0600    206.4603  206.4603    0.0000
 1.0625    203.2578  203.2578    0.0000
 1.0650    200.1087  200.1087    0.0000
 1.0675    197.0224  197.0224    0.0000
 1.0700    194.0069  194.0069    0.0000
 1.0725    191.0689  191.0689    0.0000
 1.0750    188.2139  188.2139    0.0000
 1.0775    185.4460  185.4460    0.0000
 1.0800    182.7684  182.7684    0.0000
 1.0825    180.1831  180.1831    0.0000
 1.0850    177.6911  177.6911    0.0000
 1.0875    175.2924  175.2924    0.0000
 1.0900    172.9864  172.9864    0.0000
 1.0925    170.7719  170.7719    0.0000
 1.0950    168.6468  168.6468    0.0000
 1.0975    166.6087  166.6087    0.0000
 1.1000    164.6547  164.6547    0.0000


 DIST  NH4:   FLUX      FEKM      FIKM      JNH3
 1.0000      3.7000    3.7000    0.0000  -12.5531
 1.0025      3.7069    3.7069    0.0000  -12.5531
 1.0050      3.7104    3.7104    0.0000  -12.5531
 1.0075      3.7105    3.7105    0.0000  -12.5531
 1.0100      3.7074    3.7074    0.0000  -12.5531
 1.0125      3.7010    3.7010    0.0000  -12.5531
 1.0150      3.6915    3.6915    0.0000  -12.5531
 1.0175      3.6790    3.6790    0.0000  -12.5531
 1.0200      3.6636    3.6636    0.0000  -12.5531
 1.0225      3.6455    3.6455    0.0000  -12.5531
 1.0250      3.6247    3.6247    0.0000  -12.5531
 1.0275      3.6015    3.6015    0.0000  -12.5531
 1.0300      3.5761    3.5761    0.0000  -12.5531
 1.0325      3.5487    3.5487    0.0000  -12.5531
 1.0350      3.5195    3.5195    0.0000  -12.5531
 1.0375      3.4888    3.4888    0.0000  -12.5531
 1.0400      3.4568    3.4568    0.0000  -12.5531
 1.0425      3.4238    3.4238    0.0000  -12.5531
 1.0450      3.3901    3.3901    0.0000  -12.5531
 1.0475      3.3558    3.3558    0.0000  -12.5531
 1.0500      3.3213    3.3213    0.0000  -12.5531
 1.0525      3.2868    3.2868    0.0000  -12.5531
 1.0550      3.2526    3.2526    0.0000  -12.5531
 1.0575      3.2188    3.2188    0.0000  -12.5531
 1.0600      3.1857    3.1857    0.0000  -12.5531
 1.0625      3.1534    3.1534    0.0000  -12.5531
 1.0650      3.1222    3.1222    0.0000  -12.5531
 1.0675      3.0921    3.0921    0.0000  -12.5531
 1.0700      3.0633    3.0633    0.0000  -12.5531
 1.0725      3.0359    3.0359    0.0000  -12.5531
 1.0750      3.0100    3.0100    0.0000  -12.5531
 1.0775      2.9857    2.9857    0.0000  -12.5531
 1.0800      2.9629    2.9629    0.0000  -12.5531
 1.0825      2.9418    2.9418    0.0000  -12.5531
 1.0850      2.9223    2.9223    0.0000  -12.5531
 1.0875      2.9045    2.9045    0.0000  -12.5531
 1.0900      2.8882    2.8882    0.0000  -12.5531
 1.0925      2.8735    2.8735    0.0000  -12.5531
 1.0950      2.8604    2.8604    0.0000  -12.5531
 1.0975      2.8487    2.8487    0.0000  -12.5531
 1.1000      2.8384    2.8384    0.0000  -12.5531


 DIST  Na:   FLUX      FEKM      FIKM
 1.0000    238.2921  238.2921    0.0000
 1.0025    239.1963  239.1963    0.0000
 1.0050    239.8181  239.8181    0.0000
 1.0075    240.1622  240.1622    0.0000
 1.0100    240.2421  240.2421    0.0000
 1.0125    240.0665  240.0665    0.0000
 1.0150    239.6421  239.6421    0.0000
 1.0175    238.9747  238.9747    0.0000
 1.0200    238.0711  238.0711    0.0000
 1.0225    236.9389  236.9389    0.0000
 1.0250    235.5869  235.5869    0.0000
 1.0275    234.0253  234.0253    0.0000
 1.0300    232.2655  232.2655    0.0000
 1.0325    230.3202  230.3202    0.0000
 1.0350    228.2030  228.2030    0.0000
 1.0375    225.9285  225.9285    0.0000
 1.0400    223.5119  223.5119    0.0000
 1.0425    220.9693  220.9693    0.0000
 1.0450    218.3169  218.3169    0.0000
 1.0475    215.5713  215.5713    0.0000
 1.0500    212.7488  212.7488    0.0000
 1.0525    209.8660  209.8660    0.0000
 1.0550    206.9389  206.9389    0.0000
 1.0575    203.9828  203.9828    0.0000
 1.0600    201.0127  201.0127    0.0000
 1.0625    198.0425  198.0425    0.0000
 1.0650    195.0854  195.0854    0.0000
 1.0675    192.1535  192.1535    0.0000
 1.0700    189.2577  189.2577    0.0000
 1.0725    186.4080  186.4080    0.0000
 1.0750    183.6131  183.6131    0.0000
 1.0775    180.8805  180.8805    0.0000
 1.0800    178.2168  178.2168    0.0000
 1.0825    175.6271  175.6271    0.0000
 1.0850    173.1157  173.1157    0.0000
 1.0875    170.6858  170.6858    0.0000
 1.0900    168.3396  168.3396    0.0000
 1.0925    166.0784  166.0784    0.0000
 1.0950    163.9027  163.9027    0.0000
 1.0975    161.8123  161.8123    0.0000
 1.1000    159.8064  159.8064    0.0000


 DIST  K:     FLUX      FEKM      FIKM
 1.0000     24.8645   24.8645    0.0000
 1.0025     24.8064   24.8064    0.0000
 1.0050     24.7308   24.7308    0.0000
 1.0075     24.6379   24.6379    0.0000
 1.0100     24.5286   24.5286    0.0000
 1.0125     24.4032   24.4032    0.0000
 1.0150     24.2623   24.2623    0.0000
 1.0175     24.1061   24.1061    0.0000
 1.0200     23.9351   23.9351    0.0000
 1.0225     23.7497   23.7497    0.0000
 1.0250     23.5506   23.5506    0.0000
 1.0275     23.3383   23.3383    0.0000
 1.0300     23.1134   23.1134    0.0000
 1.0325     22.8769   22.8769    0.0000
 1.0350     22.6294   22.6294    0.0000
 1.0375     22.3718   22.3718    0.0000
 1.0400     22.1050   22.1050    0.0000
 1.0425     21.8299   21.8299    0.0000
 1.0450     21.5476   21.5476    0.0000
 1.0475     21.2589   21.2589    0.0000
 1.0500     20.9648   20.9648    0.0000
 1.0525     20.6663   20.6663    0.0000
 1.0550     20.3643   20.3643    0.0000
 1.0575     20.0598   20.0598    0.0000
 1.0600     19.7535   19.7535    0.0000
 1.0625     19.4464   19.4464    0.0000
 1.0650     19.1391   19.1391    0.0000
 1.0675     18.8325   18.8325    0.0000
 1.0700     18.5272   18.5272    0.0000
 1.0725     18.2239   18.2239    0.0000
 1.0750     17.9229   17.9229    0.0000
 1.0775     17.6250   17.6250    0.0000
 1.0800     17.3304   17.3304    0.0000
 1.0825     17.0395   17.0395    0.0000
 1.0850     16.7528   16.7528    0.0000
 1.0875     16.4703   16.4703    0.0000
 1.0900     16.1923   16.1923    0.0000
 1.0925     15.9190   15.9190    0.0000
 1.0950     15.6504   15.6504    0.0000
 1.0975     15.3867   15.3867    0.0000
 1.1000     15.1278   15.1278    0.0000


 DIST  Cl:   FLUX      FEKM      FIKM
 1.0000    267.4526  267.4526    0.0000
 1.0025    268.2851  268.2851    0.0000
 1.0050    268.8164  268.8164    0.0000
 1.0075    269.0532  269.0532    0.0000
 1.0100    269.0102  269.0102    0.0000
 1.0125    268.6968  268.6968    0.0000
 1.0150    268.1200  268.1200    0.0000
 1.0175    267.2862  267.2862    0.0000
 1.0200    266.2023  266.2023    0.0000
 1.0225    264.8762  264.8762    0.0000
 1.0250    263.3172  263.3172    0.0000
 1.0275    261.5360  261.5360    0.0000
 1.0300    259.5446  259.5446    0.0000
 1.0325    257.3561  257.3561    0.0000
 1.0350    254.9848  254.9848    0.0000
 1.0375    252.4461  252.4461    0.0000
 1.0400    249.7560  249.7560    0.0000
 1.0425    246.9313  246.9313    0.0000
 1.0450    243.9892  243.9892    0.0000
 1.0475    240.9469  240.9469    0.0000
 1.0500    237.8220  237.8220    0.0000
 1.0525    234.6316  234.6316    0.0000
 1.0550    231.3927  231.3927    0.0000
 1.0575    228.1214  228.1214    0.0000
 1.0600    224.8337  224.8337    0.0000
 1.0625    221.5441  221.5441    0.0000
 1.0650    218.2666  218.2666    0.0000
 1.0675    215.0141  215.0141    0.0000
 1.0700    211.7982  211.7982    0.0000
 1.0725    208.6294  208.6294    0.0000
 1.0750    205.5169  205.5169    0.0000
 1.0775    202.4689  202.4689    0.0000
 1.0800    199.4923  199.4923    0.0000
 1.0825    196.5927  196.5927    0.0000
 1.0850    193.7746  193.7746    0.0000
 1.0875    191.0416  191.0416    0.0000
 1.0900    188.3959  188.3959    0.0000
 1.0925    185.8393  185.8393    0.0000
 1.0950    183.3722  183.3722    0.0000
 1.0975    180.9947  180.9947    0.0000
 1.1000    178.7058  178.7058    0.0000


 DIST  NH4:   FLUX      FEKM      FIKM      JNH3
 1.0000      3.7426    3.7426    0.0000  -13.3534
 1.0025      3.7583    3.7583    0.0000  -13.3534
 1.0050      3.7707    3.7707    0.0000  -13.3534
 1.0075      3.7800    3.7800    0.0000  -13.3534
 1.0100      3.7860    3.7860    0.0000  -13.3534
 1.0125      3.7888    3.7888    0.0000  -13.3534
 1.0150      3.7885    3.7885    0.0000  -13.3534
 1.0175      3.7851    3.7851    0.0000  -13.3534
 1.0200      3.7786    3.7786    0.0000  -13.3534
 1.0225      3.7690    3.7690    0.0000  -13.3534
 1.0250      3.7565    3.7565    0.0000  -13.3534
 1.0275      3.7412    3.7412    0.0000  -13.3534
 1.0300      3.7231    3.7231    0.0000  -13.3534
 1.0325      3.7025    3.7025    0.0000  -13.3534
 1.0350      3.6795    3.6795    0.0000  -13.3534
 1.0375      3.6544    3.6544    0.0000  -13.3534
 1.0400      3.6272    3.6272    0.0000  -13.3534
 1.0425      3.5983    3.5983    0.0000  -13.3534
 1.0450      3.5678    3.5678    0.0000  -13.3534
 1.0475      3.5360    3.5360    0.0000  -13.3534
 1.0500      3.5032    3.5032    0.0000  -13.3534
 1.0525      3.4696    3.4696    0.0000  -13.3534
 1.0550      3.4355    3.4355    0.0000  -13.3534
 1.0575      3.4010    3.4010    0.0000  -13.3534
 1.0600      3.3665    3.3665    0.0000  -13.3534
 1.0625      3.3321    3.3321    0.0000  -13.3534
 1.0650      3.2980    3.2980    0.0000  -13.3534
 1.0675      3.2645    3.2645    0.0000  -13.3534
 1.0700      3.2318    3.2318    0.0000  -13.3534
 1.0725      3.1999    3.1999    0.0000  -13.3534
 1.0750      3.1691    3.1691    0.0000  -13.3534
 1.0775      3.1394    3.1394    0.0000  -13.3534
 1.0800      3.1111    3.1111    0.0000  -13.3534
 1.0825      3.0841    3.0841    0.0000  -13.3534
 1.0850      3.0585    3.0585    0.0000  -13.3534
 1.0875      3.0345    3.0345    0.0000  -13.3534
 1.0900      3.0119    3.0119    0.0000  -13.3534
 1.0925      2.9909    2.9909    0.0000  -13.3534
 1.0950      2.9715    2.9715    0.0000  -13.3534
 1.0975      2.9536    2.9536    0.0000  -13.3534
 1.1000      2.9372    2.9372    0.0000  -13.3534
