   .14000000E+03
   .13500000E+03
   .13000000E+03
   .12500000E+03
   .12000000E+03
   .11500000E+03
   .11000000E+03
   .10500000E+03
   .10000000E+03
   .95000000E+02
   .90000000E+02
   .85000000E+02
   .80000000E+02
   .75000000E+02
   .70000000E+02
   .65000000E+02
   .60000000E+02
   .55000000E+02
   .50000000E+02
   .45000000E+02
   .40000000E+02
   .35000000E+02
   .30000000E+02
   .25000000E+02
   .20000000E+02
   .15000000E+02
   .10000000E+02
   .90000000E+01
   .80000000E+01
   .70000000E+01
   .60000000E+01
