    -.98163127116602133000D-01
     .15512865581647535000D+02
     .12800240544190644000D+00
     .46514237997399010000D-02
     .10597869209751843000D+00
     .21771053513937769000D-01
     .48428592492016324000D+01
     .14970010793082205000D-02
     .24460294498235973000D-02
     .92402576996677315000D-03
     .43814497042521148000D-02
     .10783119537774414000D+02
     .91194116761188548000D+00
     .59871811951593358000D+02
    -.81677016285425779000D+02
     .66941078786876850000D+00
     .75798557370939066000D-02
     .12910771199233481000D+00
     .84693270736988686000D-02
     .24546721715591128000D-01
     .40482542124227647000D+01
     .14976964281814262000D-02
     .29185112765631140000D-01
     .81740191919516813000D-02
     .77668820386386661000D-02
     .11238167801378905000D+02
     .70464405114310024000D+00
     .44388889213498842000D+02
    -.29561580976072487000D+02
     .35154161091332020000D+00
     .15393249004771758000D-01
     .13504861507720930000D+00
     .39064855440084346000D-01
     .29545698807468188000D-01
     .43473433465282358000D+01
     .14875546236405869000D-02
     .28487494962279695000D-01
     .71184253758622695000D-02
     .10695772668180558000D-01
     .10222088414513116000D+02
     .57183312335962366000D+00
     .39603144938454541000D+02
    -.31114472685142480000D+02
     .19521928007448430000D+00
     .15179270916337257000D-01
     .13498385488920844000D+00
     .39242178115487212000D-01
     .28313379842383537000D-01
     .43415742156465135000D+01
     .14858051991094749000D-02
     .27206202164922522000D-01
     .70847321374871673000D-02
     .68055296502055285000D-02
     .10643763656090847000D+02
     .62051278844786539000D+00
     .41271999917691765000D+02
    -.21947311503485472000D+02
