    0  205   .3000D-09
   .1000D-02   .1000D-01   .3000D+00   .1450D+00   .4960D+02
   .1000D-02   .2000D-04   .3000D+00   .2000D-01   .2000D+01
 1.000  .000   .1500D-01   .6000D-01
 1.000  .000   .1800D-01   .8000D-01
 1.000  .000   .1800D-01   .8000D-01
 1.000  .000   .4500D-02   .4000D-01
 1.000  .000   .3000D-01   .6000D-01
 1.000  .000   .3000D-01   .6000D-01
 1.000  .000   .2100D-02   .4000D-01
 1.000  .000   .2100D-02   .4000D-01
 1.000  .000   .6000D-02   .4000D-01
 1.000  .000   .9000D-01   .8000D-01
 1.000  .000   .1800D-01   .8000D-01
 1.000  .000   .1500D+00   .4000D+01
   .6900D+01   .1200D+01   .4000D-03   .5000D-01  -.1000D+01
   .1450D+01   .4960D+03   .3200D-01   .7500D+01
   .8500D-06   .5000D+01   .0000D+00
   .0000D+00   .0000D+00   .0000D+00   .0000D+00
   .3000D-02   .2000D-02
 1.000 1.000   .2000D-04   .1000D-08
 1.000 1.000   .2000D-04   .1000D-04
 1.000 1.000   .2000D-05   .5000D-06
 1.000 1.000   .4000D-06   .1000D-06
 1.000 1.000   .1300D-02   .1300D-02
 1.000 1.000   .1500D+00   .1500D+00
 1.000 1.000   .2000D-08   .2000D-07
 1.000 1.000   .2000D-08   .2000D-07
 1.000 1.000   .1000D-05   .1000D-05
 1.000 1.000   .2000D-01   .2000D-01
 1.000 1.000   .4000D-05   .2000D-05
 1.000 1.000   .5000D-02   .5000D-02
    3    9
    1    1   .5000D-08
    1    3   .5000D-08
    3    3   .5000D-08
    1    1   .5100D-08
    1   12  -.5100D-08
   12   12   .5100D-08
    3    3   .5100D-09
    3    4  -.5100D-09
    4    4   .5100D-09
    1    1   .2000D-08
    1    7   .1000D-08
    7    7   .5000D-09
   .1250D+01   .5800D+00   .1800D-03   .1800D-01  -.1000D+01
   .1450D+04   .4960D+06   .4000D-01   .7500D+01
   .7500D-07   .5000D+01   .6000D-13
   .1000D-05   .4000D+00   .2100D+01   .1500D-07
   .4000D-05   .1000D-03
 1.000 1.000   .1000D-09   .1000D-09
 1.000 1.000   .1000D-09   .5000D-06
 1.000 1.000   .1000D-09   .1200D-04
 1.000 1.000   .1000D-09   .1800D-05
 1.000 1.000   .1000D-03   .1000D-03
 1.000 1.000   .9000D-02   .9000D-02
 1.000 1.000   .1000D-09   .1200D-07
 1.000 1.000   .1000D-09   .1200D-07
 1.000 1.000   .1000D-05   .1000D-05
 1.000 1.000   .9000D-02   .9000D-02
 1.000 1.000   .1000D-09   .3000D-06
 1.000 1.000   .1000D-09   .1500D-04
    0    6
    1    1   .6000D-08
    1   12  -.6000D-08
   12   12   .6000D-08
    1    1   .8000D-09
    1    7   .4000D-09
    7    7   .2000D-09
   .1500D+01   .1700D+00   .1200D-03   .1800D-01  -.1000D+01
   .1450D+04   .4960D+06   .4000D-01   .7500D+01
   .7500D-07   .5000D+01   .0000D+00
   .1000D-06   .4000D+00   .2100D+01   .0000D+00
   .4000D-05   .1000D-03
 1.000 1.000   .1000D-09   .1000D-09
 1.000 1.000   .1000D-09   .3000D-06
 1.000 1.000   .1000D-09   .8000D-05
 1.000 1.000   .1000D-09   .1000D-05
 1.000 1.000   .1000D-03   .1000D-03
 1.000 1.000   .9000D-02   .9000D-02
 1.000 1.000   .1000D-09   .1200D-07
 1.000 1.000   .1000D-09   .1200D-07
 1.000 1.000   .1000D-05   .1000D-05
 1.000 1.000   .9000D-02   .9000D-02
 1.000 1.000   .1000D-09   .3000D-06
 1.000 1.000   .1000D-09   .1500D-04
    3    9
    3    3   .2000D-06
    3    4  -.2000D-06
    4    4   .2000D-06
    1    1   .6000D-08
    1   12  -.6000D-08
   12   12   .6000D-08
    3    3   .4000D-08
    3    4  -.4000D-08
    4    4   .4000D-08
    1    1   .8000D-09
    1    7   .4000D-09
    7    7   .2000D-09
    0  205   .3000D-09
   .1000D-02   .1000D-01   .3000D+00   .1450D+00   .4960D+02
   .1000D-02   .2000D-04   .3000D+00   .2000D-01   .2000D+01
 1.000  .000   .1248D-01   .6000D-01
 1.000  .000   .1497D-01   .8000D-01
 1.000  .000   .1497D-01   .8000D-01
 1.000  .000   .3743D-02   .4000D-01
 1.000  .000   .2495D-01   .6000D-01
 1.000  .000   .2495D-01   .6000D-01
 1.000  .000   .1747D-02   .4000D-01
 1.000  .000   .1747D-02   .4000D-01
 1.000  .000   .4991D-02   .4000D-01
 1.000  .000   .7486D-01   .8000D-01
 1.000  .000   .1497D-01   .8000D-01
 1.000  .000   .1248D+00   .4000D+01
   .6900D+01   .1200D+01   .4000D-03   .5000D-01  -.1000D+01
   .1450D+01   .4960D+03   .3200D-01   .7500D+01
   .8500D-06   .5000D+01   .0000D+00
   .0000D+00   .0000D+00   .0000D+00   .0000D+00
   .3000D-02   .2000D-02
 1.000 1.000   .2000D-04   .1000D-08
 1.000 1.000   .2000D-04   .1000D-04
 1.000 1.000   .2000D-05   .5000D-06
 1.000 1.000   .4000D-06   .1000D-06
 1.000 1.000   .1300D-02   .1300D-02
 1.000 1.000   .1500D+00   .1500D+00
 1.000 1.000   .2000D-08   .2000D-07
 1.000 1.000   .2000D-08   .2000D-07
 1.000 1.000   .1000D-05   .1000D-05
 1.000 1.000   .2000D-01   .2000D-01
 1.000 1.000   .4000D-05   .2000D-05
 1.000 1.000   .5000D-02   .5000D-02
    3    9
    1    1   .5000D-08
    1    3   .5000D-08
    3    3   .5000D-08
    1    1   .5100D-08
    1   12  -.5100D-08
   12   12   .5100D-08
    3    3   .5100D-09
    3    4  -.5100D-09
    4    4   .5100D-09
    1    1   .2000D-08
    1    7   .1000D-08
    7    7   .5000D-09
   .1250D+01   .5800D+00   .1800D-03   .1800D-01  -.1000D+01
   .1450D+04   .4960D+06   .4000D-01   .7500D+01
   .7500D-07   .5000D+01   .6000D-13
   .1000D-05   .4000D+00   .2100D+01   .1500D-07
   .4000D-05   .1000D-03
 1.000 1.000   .1000D-09   .1000D-09
 1.000 1.000   .1000D-09   .5000D-06
 1.000 1.000   .1000D-09   .1200D-04
 1.000 1.000   .1000D-09   .1800D-05
 1.000 1.000   .1000D-03   .1000D-03
 1.000 1.000   .9000D-02   .9000D-02
 1.000 1.000   .1000D-09   .1200D-07
 1.000 1.000   .1000D-09   .1200D-07
 1.000 1.000   .1000D-05   .1000D-05
 1.000 1.000   .9000D-02   .9000D-02
 1.000 1.000   .1000D-09   .3000D-06
 1.000 1.000   .1000D-09   .1500D-04
    0    6
    1    1   .6000D-08
    1   12  -.6000D-08
   12   12   .6000D-08
    1    1   .8000D-09
    1    7   .4000D-09
    7    7   .2000D-09
   .1500D+01   .1700D+00   .1200D-03   .1800D-01  -.1000D+01
   .1450D+04   .4960D+06   .4000D-01   .7500D+01
   .7500D-07   .5000D+01   .0000D+00
   .1000D-06   .4000D+00   .2100D+01   .0000D+00
   .4000D-05   .1000D-03
 1.000 1.000   .1000D-09   .1000D-09
 1.000 1.000   .1000D-09   .3000D-06
 1.000 1.000   .1000D-09   .8000D-05
 1.000 1.000   .1000D-09   .1000D-05
 1.000 1.000   .1000D-03   .1000D-03
 1.000 1.000   .9000D-02   .9000D-02
 1.000 1.000   .1000D-09   .1200D-07
 1.000 1.000   .1000D-09   .1200D-07
 1.000 1.000   .1000D-05   .1000D-05
 1.000 1.000   .9000D-02   .9000D-02
 1.000 1.000   .1000D-09   .3000D-06
 1.000 1.000   .1000D-09   .1500D-04
    3    9
    3    3   .2000D-06
    3    4  -.2000D-06
    4    4   .2000D-06
    1    1   .6000D-08
    1   12  -.6000D-08
   12   12   .6000D-08
    3    3   .4000D-08
    3    4  -.4000D-08
    4    4   .4000D-08
    1    1   .8000D-09
    1    7   .4000D-09
    7    7   .2000D-09
    0  205   .3000D-09
   .1000D-02   .1000D-01   .3000D+00   .1450D+00   .4960D+02
   .1000D-02   .2000D-04   .3000D+00   .2000D-01   .2000D+01
 1.000  .000   .1038D-01   .6000D-01
 1.000  .000   .1245D-01   .8000D-01
 1.000  .000   .1245D-01   .8000D-01
 1.000  .000   .3113D-02   .4000D-01
 1.000  .000   .2075D-01   .6000D-01
 1.000  .000   .2075D-01   .6000D-01
 1.000  .000   .1453D-02   .4000D-01
 1.000  .000   .1453D-02   .4000D-01
 1.000  .000   .4151D-02   .4000D-01
 1.000  .000   .6226D-01   .8000D-01
 1.000  .000   .1245D-01   .8000D-01
 1.000  .000   .1038D+00   .4000D+01
   .6900D+01   .1200D+01   .4000D-03   .5000D-01  -.1000D+01
   .1450D+01   .4960D+03   .3200D-01   .7500D+01
   .8500D-06   .5000D+01   .0000D+00
   .0000D+00   .0000D+00   .0000D+00   .0000D+00
   .3000D-02   .2000D-02
 1.000 1.000   .2000D-04   .1000D-08
 1.000 1.000   .2000D-04   .1000D-04
 1.000 1.000   .2000D-05   .5000D-06
 1.000 1.000   .4000D-06   .1000D-06
 1.000 1.000   .1300D-02   .1300D-02
 1.000 1.000   .1500D+00   .1500D+00
 1.000 1.000   .2000D-08   .2000D-07
 1.000 1.000   .2000D-08   .2000D-07
 1.000 1.000   .1000D-05   .1000D-05
 1.000 1.000   .2000D-01   .2000D-01
 1.000 1.000   .4000D-05   .2000D-05
 1.000 1.000   .5000D-02   .5000D-02
    3    9
    1    1   .5000D-08
    1    3   .5000D-08
    3    3   .5000D-08
    1    1   .5100D-08
    1   12  -.5100D-08
   12   12   .5100D-08
    3    3   .5100D-09
    3    4  -.5100D-09
    4    4   .5100D-09
    1    1   .2000D-08
    1    7   .1000D-08
    7    7   .5000D-09
   .1250D+01   .5800D+00   .1800D-03   .1800D-01  -.1000D+01
   .1450D+04   .4960D+06   .4000D-01   .7500D+01
   .7500D-07   .5000D+01   .6000D-13
   .1000D-05   .4000D+00   .2100D+01   .1500D-07
   .4000D-05   .1000D-03
 1.000 1.000   .1000D-09   .1000D-09
 1.000 1.000   .1000D-09   .5000D-06
 1.000 1.000   .1000D-09   .1200D-04
 1.000 1.000   .1000D-09   .1800D-05
 1.000 1.000   .1000D-03   .1000D-03
 1.000 1.000   .9000D-02   .9000D-02
 1.000 1.000   .1000D-09   .1200D-07
 1.000 1.000   .1000D-09   .1200D-07
 1.000 1.000   .1000D-05   .1000D-05
 1.000 1.000   .9000D-02   .9000D-02
 1.000 1.000   .1000D-09   .3000D-06
 1.000 1.000   .1000D-09   .1500D-04
    0    6
    1    1   .6000D-08
    1   12  -.6000D-08
   12   12   .6000D-08
    1    1   .8000D-09
    1    7   .4000D-09
    7    7   .2000D-09
   .1500D+01   .1700D+00   .1200D-03   .1800D-01  -.1000D+01
   .1450D+04   .4960D+06   .4000D-01   .7500D+01
   .7500D-07   .5000D+01   .0000D+00
   .1000D-06   .4000D+00   .2100D+01   .0000D+00
   .4000D-05   .1000D-03
 1.000 1.000   .1000D-09   .1000D-09
 1.000 1.000   .1000D-09   .3000D-06
 1.000 1.000   .1000D-09   .8000D-05
 1.000 1.000   .1000D-09   .1000D-05
 1.000 1.000   .1000D-03   .1000D-03
 1.000 1.000   .9000D-02   .9000D-02
 1.000 1.000   .1000D-09   .1200D-07
 1.000 1.000   .1000D-09   .1200D-07
 1.000 1.000   .1000D-05   .1000D-05
 1.000 1.000   .9000D-02   .9000D-02
 1.000 1.000   .1000D-09   .3000D-06
 1.000 1.000   .1000D-09   .1500D-04
    3    9
    3    3   .2000D-06
    3    4  -.2000D-06
    4    4   .2000D-06
    1    1   .6000D-08
    1   12  -.6000D-08
   12   12   .6000D-08
    3    3   .4000D-08
    3    4  -.4000D-08
    4    4   .4000D-08
    1    1   .8000D-09
    1    7   .4000D-09
    7    7   .2000D-09
    0  205   .3000D-09
   .1000D-02   .1000D-01   .3000D+00   .1450D+00   .4960D+02
   .1000D-02   .2000D-04   .3000D+00   .2000D-01   .2000D+01
 1.000  .000   .8632D-02   .6000D-01
 1.000  .000   .1036D-01   .8000D-01
 1.000  .000   .1036D-01   .8000D-01
 1.000  .000   .2589D-02   .4000D-01
 1.000  .000   .1726D-01   .6000D-01
 1.000  .000   .1726D-01   .6000D-01
 1.000  .000   .1208D-02   .4000D-01
 1.000  .000   .1208D-02   .4000D-01
 1.000  .000   .3453D-02   .4000D-01
 1.000  .000   .5179D-01   .8000D-01
 1.000  .000   .1036D-01   .8000D-01
 1.000  .000   .8632D-01   .4000D+01
   .6900D+01   .1200D+01   .4000D-03   .5000D-01  -.1000D+01
   .1450D+01   .4960D+03   .3200D-01   .7500D+01
   .8500D-06   .5000D+01   .0000D+00
   .0000D+00   .0000D+00   .0000D+00   .0000D+00
   .3000D-02   .2000D-02
 1.000 1.000   .2000D-04   .1000D-08
 1.000 1.000   .2000D-04   .1000D-04
 1.000 1.000   .2000D-05   .5000D-06
 1.000 1.000   .4000D-06   .1000D-06
 1.000 1.000   .1300D-02   .1300D-02
 1.000 1.000   .1500D+00   .1500D+00
 1.000 1.000   .2000D-08   .2000D-07
 1.000 1.000   .2000D-08   .2000D-07
 1.000 1.000   .1000D-05   .1000D-05
 1.000 1.000   .2000D-01   .2000D-01
 1.000 1.000   .4000D-05   .2000D-05
 1.000 1.000   .5000D-02   .5000D-02
    3    9
    1    1   .5000D-08
    1    3   .5000D-08
    3    3   .5000D-08
    1    1   .5100D-08
    1   12  -.5100D-08
   12   12   .5100D-08
    3    3   .5100D-09
    3    4  -.5100D-09
    4    4   .5100D-09
    1    1   .2000D-08
    1    7   .1000D-08
    7    7   .5000D-09
   .1250D+01   .5800D+00   .1800D-03   .1800D-01  -.1000D+01
   .1450D+04   .4960D+06   .4000D-01   .7500D+01
   .7500D-07   .5000D+01   .6000D-13
   .1000D-05   .4000D+00   .2100D+01   .1500D-07
   .4000D-05   .1000D-03
 1.000 1.000   .1000D-09   .1000D-09
 1.000 1.000   .1000D-09   .5000D-06
 1.000 1.000   .1000D-09   .1200D-04
 1.000 1.000   .1000D-09   .1800D-05
 1.000 1.000   .1000D-03   .1000D-03
 1.000 1.000   .9000D-02   .9000D-02
 1.000 1.000   .1000D-09   .1200D-07
 1.000 1.000   .1000D-09   .1200D-07
 1.000 1.000   .1000D-05   .1000D-05
 1.000 1.000   .9000D-02   .9000D-02
 1.000 1.000   .1000D-09   .3000D-06
 1.000 1.000   .1000D-09   .1500D-04
    0    6
    1    1   .6000D-08
    1   12  -.6000D-08
   12   12   .6000D-08
    1    1   .8000D-09
    1    7   .4000D-09
    7    7   .2000D-09
   .1500D+01   .1700D+00   .1200D-03   .1800D-01  -.1000D+01
   .1450D+04   .4960D+06   .4000D-01   .7500D+01
   .7500D-07   .5000D+01   .0000D+00
   .1000D-06   .4000D+00   .2100D+01   .0000D+00
   .4000D-05   .1000D-03
 1.000 1.000   .1000D-09   .1000D-09
 1.000 1.000   .1000D-09   .3000D-06
 1.000 1.000   .1000D-09   .8000D-05
 1.000 1.000   .1000D-09   .1000D-05
 1.000 1.000   .1000D-03   .1000D-03
 1.000 1.000   .9000D-02   .9000D-02
 1.000 1.000   .1000D-09   .1200D-07
 1.000 1.000   .1000D-09   .1200D-07
 1.000 1.000   .1000D-05   .1000D-05
 1.000 1.000   .9000D-02   .9000D-02
 1.000 1.000   .1000D-09   .3000D-06
 1.000 1.000   .1000D-09   .1500D-04
    3    9
    3    3   .2000D-06
    3    4  -.2000D-06
    4    4   .2000D-06
    1    1   .6000D-08
    1   12  -.6000D-08
   12   12   .6000D-08
    3    3   .4000D-08
    3    4  -.4000D-08
    4    4   .4000D-08
    1    1   .8000D-09
    1    7   .4000D-09
    7    7   .2000D-09
    0  205   .3000D-09
   .1000D-02   .1000D-01   .3000D+00   .1450D+00   .4960D+02
   .1000D-02   .2000D-04   .3000D+00   .2000D-01   .2000D+01
 1.000  .000   .7179D-02   .6000D-01
 1.000  .000   .8615D-02   .8000D-01
 1.000  .000   .8615D-02   .8000D-01
 1.000  .000   .2154D-02   .4000D-01
 1.000  .000   .1436D-01   .6000D-01
 1.000  .000   .1436D-01   .6000D-01
 1.000  .000   .1005D-02   .4000D-01
 1.000  .000   .1005D-02   .4000D-01
 1.000  .000   .2872D-02   .4000D-01
 1.000  .000   .4308D-01   .8000D-01
 1.000  .000   .8615D-02   .8000D-01
 1.000  .000   .7179D-01   .4000D+01
   .6900D+01   .1200D+01   .4000D-03   .5000D-01  -.1000D+01
   .1450D+01   .4960D+03   .3200D-01   .7500D+01
   .8500D-06   .5000D+01   .0000D+00
   .0000D+00   .0000D+00   .0000D+00   .0000D+00
   .3000D-02   .2000D-02
 1.000 1.000   .2000D-04   .1000D-08
 1.000 1.000   .2000D-04   .1000D-04
 1.000 1.000   .2000D-05   .5000D-06
 1.000 1.000   .4000D-06   .1000D-06
 1.000 1.000   .1300D-02   .1300D-02
 1.000 1.000   .1500D+00   .1500D+00
 1.000 1.000   .2000D-08   .2000D-07
 1.000 1.000   .2000D-08   .2000D-07
 1.000 1.000   .1000D-05   .1000D-05
 1.000 1.000   .2000D-01   .2000D-01
 1.000 1.000   .4000D-05   .2000D-05
 1.000 1.000   .5000D-02   .5000D-02
    3    9
    1    1   .5000D-08
    1    3   .5000D-08
    3    3   .5000D-08
    1    1   .5100D-08
    1   12  -.5100D-08
   12   12   .5100D-08
    3    3   .5100D-09
    3    4  -.5100D-09
    4    4   .5100D-09
    1    1   .2000D-08
    1    7   .1000D-08
    7    7   .5000D-09
   .1250D+01   .5800D+00   .1800D-03   .1800D-01  -.1000D+01
   .1450D+04   .4960D+06   .4000D-01   .7500D+01
   .7500D-07   .5000D+01   .6000D-13
   .1000D-05   .4000D+00   .2100D+01   .1500D-07
   .4000D-05   .1000D-03
 1.000 1.000   .1000D-09   .1000D-09
 1.000 1.000   .1000D-09   .5000D-06
 1.000 1.000   .1000D-09   .1200D-04
 1.000 1.000   .1000D-09   .1800D-05
 1.000 1.000   .1000D-03   .1000D-03
 1.000 1.000   .9000D-02   .9000D-02
 1.000 1.000   .1000D-09   .1200D-07
 1.000 1.000   .1000D-09   .1200D-07
 1.000 1.000   .1000D-05   .1000D-05
 1.000 1.000   .9000D-02   .9000D-02
 1.000 1.000   .1000D-09   .3000D-06
 1.000 1.000   .1000D-09   .1500D-04
    0    6
    1    1   .6000D-08
    1   12  -.6000D-08
   12   12   .6000D-08
    1    1   .8000D-09
    1    7   .4000D-09
    7    7   .2000D-09
   .1500D+01   .1700D+00   .1200D-03   .1800D-01  -.1000D+01
   .1450D+04   .4960D+06   .4000D-01   .7500D+01
   .7500D-07   .5000D+01   .0000D+00
   .1000D-06   .4000D+00   .2100D+01   .0000D+00
   .4000D-05   .1000D-03
 1.000 1.000   .1000D-09   .1000D-09
 1.000 1.000   .1000D-09   .3000D-06
 1.000 1.000   .1000D-09   .8000D-05
 1.000 1.000   .1000D-09   .1000D-05
 1.000 1.000   .1000D-03   .1000D-03
 1.000 1.000   .9000D-02   .9000D-02
 1.000 1.000   .1000D-09   .1200D-07
 1.000 1.000   .1000D-09   .1200D-07
 1.000 1.000   .1000D-05   .1000D-05
 1.000 1.000   .9000D-02   .9000D-02
 1.000 1.000   .1000D-09   .3000D-06
 1.000 1.000   .1000D-09   .1500D-04
    3    9
    3    3   .2000D-06
    3    4  -.2000D-06
    4    4   .2000D-06
    1    1   .6000D-08
    1   12  -.6000D-08
   12   12   .6000D-08
    3    3   .4000D-08
    3    4  -.4000D-08
    4    4   .4000D-08
    1    1   .8000D-09
    1    7   .4000D-09
    7    7   .2000D-09
    0  205   .3000D-09
   .1000D-02   .1000D-01   .3000D+00   .1450D+00   .4960D+02
   .1000D-02   .2000D-04   .3000D+00   .2000D-01   .2000D+01
 1.000  .000   .5972D-02   .6000D-01
 1.000  .000   .7166D-02   .8000D-01
 1.000  .000   .7166D-02   .8000D-01
 1.000  .000   .1791D-02   .4000D-01
 1.000  .000   .1194D-01   .6000D-01
 1.000  .000   .1194D-01   .6000D-01
 1.000  .000   .8360D-03   .4000D-01
 1.000  .000   .8360D-03   .4000D-01
 1.000  .000   .2389D-02   .4000D-01
 1.000  .000   .3583D-01   .8000D-01
 1.000  .000   .7166D-02   .8000D-01
 1.000  .000   .5972D-01   .4000D+01
   .6900D+01   .1200D+01   .4000D-03   .5000D-01  -.1000D+01
   .1450D+01   .4960D+03   .3200D-01   .7500D+01
   .8500D-06   .5000D+01   .0000D+00
   .0000D+00   .0000D+00   .0000D+00   .0000D+00
   .3000D-02   .2000D-02
 1.000 1.000   .2000D-04   .1000D-08
 1.000 1.000   .2000D-04   .1000D-04
 1.000 1.000   .2000D-05   .5000D-06
 1.000 1.000   .4000D-06   .1000D-06
 1.000 1.000   .1300D-02   .1300D-02
 1.000 1.000   .1500D+00   .1500D+00
 1.000 1.000   .2000D-08   .2000D-07
 1.000 1.000   .2000D-08   .2000D-07
 1.000 1.000   .1000D-05   .1000D-05
 1.000 1.000   .2000D-01   .2000D-01
 1.000 1.000   .4000D-05   .2000D-05
 1.000 1.000   .5000D-02   .5000D-02
    3    9
    1    1   .5000D-08
    1    3   .5000D-08
    3    3   .5000D-08
    1    1   .5100D-08
    1   12  -.5100D-08
   12   12   .5100D-08
    3    3   .5100D-09
    3    4  -.5100D-09
    4    4   .5100D-09
    1    1   .2000D-08
    1    7   .1000D-08
    7    7   .5000D-09
   .1250D+01   .5800D+00   .1800D-03   .1800D-01  -.1000D+01
   .1450D+04   .4960D+06   .4000D-01   .7500D+01
   .7500D-07   .5000D+01   .6000D-13
   .1000D-05   .4000D+00   .2100D+01   .1500D-07
   .4000D-05   .1000D-03
 1.000 1.000   .1000D-09   .1000D-09
 1.000 1.000   .1000D-09   .5000D-06
 1.000 1.000   .1000D-09   .1200D-04
 1.000 1.000   .1000D-09   .1800D-05
 1.000 1.000   .1000D-03   .1000D-03
 1.000 1.000   .9000D-02   .9000D-02
 1.000 1.000   .1000D-09   .1200D-07
 1.000 1.000   .1000D-09   .1200D-07
 1.000 1.000   .1000D-05   .1000D-05
 1.000 1.000   .9000D-02   .9000D-02
 1.000 1.000   .1000D-09   .3000D-06
 1.000 1.000   .1000D-09   .1500D-04
    0    6
    1    1   .6000D-08
    1   12  -.6000D-08
   12   12   .6000D-08
    1    1   .8000D-09
    1    7   .4000D-09
    7    7   .2000D-09
   .1500D+01   .1700D+00   .1200D-03   .1800D-01  -.1000D+01
   .1450D+04   .4960D+06   .4000D-01   .7500D+01
   .7500D-07   .5000D+01   .0000D+00
   .1000D-06   .4000D+00   .2100D+01   .0000D+00
   .4000D-05   .1000D-03
 1.000 1.000   .1000D-09   .1000D-09
 1.000 1.000   .1000D-09   .3000D-06
 1.000 1.000   .1000D-09   .8000D-05
 1.000 1.000   .1000D-09   .1000D-05
 1.000 1.000   .1000D-03   .1000D-03
 1.000 1.000   .9000D-02   .9000D-02
 1.000 1.000   .1000D-09   .1200D-07
 1.000 1.000   .1000D-09   .1200D-07
 1.000 1.000   .1000D-05   .1000D-05
 1.000 1.000   .9000D-02   .9000D-02
 1.000 1.000   .1000D-09   .3000D-06
 1.000 1.000   .1000D-09   .1500D-04
    3    9
    3    3   .2000D-06
    3    4  -.2000D-06
    4    4   .2000D-06
    1    1   .6000D-08
    1   12  -.6000D-08
   12   12   .6000D-08
    3    3   .4000D-08
    3    4  -.4000D-08
    4    4   .4000D-08
    1    1   .8000D-09
    1    7   .4000D-09
    7    7   .2000D-09
    0  205   .3000D-09
   .1000D-02   .1000D-01   .3000D+00   .1450D+00   .4960D+02
   .1000D-02   .2000D-04   .3000D+00   .2000D-01   .2000D+01
 1.000  .000   .4967D-02   .6000D-01
 1.000  .000   .5960D-02   .8000D-01
 1.000  .000   .5960D-02   .8000D-01
 1.000  .000   .1490D-02   .4000D-01
 1.000  .000   .9934D-02   .6000D-01
 1.000  .000   .9934D-02   .6000D-01
 1.000  .000   .6954D-03   .4000D-01
 1.000  .000   .6954D-03   .4000D-01
 1.000  .000   .1987D-02   .4000D-01
 1.000  .000   .2980D-01   .8000D-01
 1.000  .000   .5960D-02   .8000D-01
 1.000  .000   .4967D-01   .4000D+01
   .6900D+01   .1200D+01   .4000D-03   .5000D-01  -.1000D+01
   .1450D+01   .4960D+03   .3200D-01   .7500D+01
   .8500D-06   .5000D+01   .0000D+00
   .0000D+00   .0000D+00   .0000D+00   .0000D+00
   .3000D-02   .2000D-02
 1.000 1.000   .2000D-04   .1000D-08
 1.000 1.000   .2000D-04   .1000D-04
 1.000 1.000   .2000D-05   .5000D-06
 1.000 1.000   .4000D-06   .1000D-06
 1.000 1.000   .1300D-02   .1300D-02
 1.000 1.000   .1500D+00   .1500D+00
 1.000 1.000   .2000D-08   .2000D-07
 1.000 1.000   .2000D-08   .2000D-07
 1.000 1.000   .1000D-05   .1000D-05
 1.000 1.000   .2000D-01   .2000D-01
 1.000 1.000   .4000D-05   .2000D-05
 1.000 1.000   .5000D-02   .5000D-02
    3    9
    1    1   .5000D-08
    1    3   .5000D-08
    3    3   .5000D-08
    1    1   .5100D-08
    1   12  -.5100D-08
   12   12   .5100D-08
    3    3   .5100D-09
    3    4  -.5100D-09
    4    4   .5100D-09
    1    1   .2000D-08
    1    7   .1000D-08
    7    7   .5000D-09
   .1250D+01   .5800D+00   .1800D-03   .1800D-01  -.1000D+01
   .1450D+04   .4960D+06   .4000D-01   .7500D+01
   .7500D-07   .5000D+01   .6000D-13
   .1000D-05   .4000D+00   .2100D+01   .1500D-07
   .4000D-05   .1000D-03
 1.000 1.000   .1000D-09   .1000D-09
 1.000 1.000   .1000D-09   .5000D-06
 1.000 1.000   .1000D-09   .1200D-04
 1.000 1.000   .1000D-09   .1800D-05
 1.000 1.000   .1000D-03   .1000D-03
 1.000 1.000   .9000D-02   .9000D-02
 1.000 1.000   .1000D-09   .1200D-07
 1.000 1.000   .1000D-09   .1200D-07
 1.000 1.000   .1000D-05   .1000D-05
 1.000 1.000   .9000D-02   .9000D-02
 1.000 1.000   .1000D-09   .3000D-06
 1.000 1.000   .1000D-09   .1500D-04
    0    6
    1    1   .6000D-08
    1   12  -.6000D-08
   12   12   .6000D-08
    1    1   .8000D-09
    1    7   .4000D-09
    7    7   .2000D-09
   .1500D+01   .1700D+00   .1200D-03   .1800D-01  -.1000D+01
   .1450D+04   .4960D+06   .4000D-01   .7500D+01
   .7500D-07   .5000D+01   .0000D+00
   .1000D-06   .4000D+00   .2100D+01   .0000D+00
   .4000D-05   .1000D-03
 1.000 1.000   .1000D-09   .1000D-09
 1.000 1.000   .1000D-09   .3000D-06
 1.000 1.000   .1000D-09   .8000D-05
 1.000 1.000   .1000D-09   .1000D-05
 1.000 1.000   .1000D-03   .1000D-03
 1.000 1.000   .9000D-02   .9000D-02
 1.000 1.000   .1000D-09   .1200D-07
 1.000 1.000   .1000D-09   .1200D-07
 1.000 1.000   .1000D-05   .1000D-05
 1.000 1.000   .9000D-02   .9000D-02
 1.000 1.000   .1000D-09   .3000D-06
 1.000 1.000   .1000D-09   .1500D-04
    3    9
    3    3   .2000D-06
    3    4  -.2000D-06
    4    4   .2000D-06
    1    1   .6000D-08
    1   12  -.6000D-08
   12   12   .6000D-08
    3    3   .4000D-08
    3    4  -.4000D-08
    4    4   .4000D-08
    1    1   .8000D-09
    1    7   .4000D-09
    7    7   .2000D-09
    0  205   .3000D-09
   .1000D-02   .1000D-01   .3000D+00   .1450D+00   .4960D+02
   .1000D-02   .2000D-04   .3000D+00   .2000D-01   .2000D+01
 1.000  .000   .4131D-02   .6000D-01
 1.000  .000   .4958D-02   .8000D-01
 1.000  .000   .4958D-02   .8000D-01
 1.000  .000   .1239D-02   .4000D-01
 1.000  .000   .8263D-02   .6000D-01
 1.000  .000   .8263D-02   .6000D-01
 1.000  .000   .5784D-03   .4000D-01
 1.000  .000   .5784D-03   .4000D-01
 1.000  .000   .1653D-02   .4000D-01
 1.000  .000   .2479D-01   .8000D-01
 1.000  .000   .4958D-02   .8000D-01
 1.000  .000   .4131D-01   .4000D+01
   .6900D+01   .1200D+01   .4000D-03   .5000D-01  -.1000D+01
   .1450D+01   .4960D+03   .3200D-01   .7500D+01
   .8500D-06   .5000D+01   .0000D+00
   .0000D+00   .0000D+00   .0000D+00   .0000D+00
   .3000D-02   .2000D-02
 1.000 1.000   .2000D-04   .1000D-08
 1.000 1.000   .2000D-04   .1000D-04
 1.000 1.000   .2000D-05   .5000D-06
 1.000 1.000   .4000D-06   .1000D-06
 1.000 1.000   .1300D-02   .1300D-02
 1.000 1.000   .1500D+00   .1500D+00
 1.000 1.000   .2000D-08   .2000D-07
 1.000 1.000   .2000D-08   .2000D-07
 1.000 1.000   .1000D-05   .1000D-05
 1.000 1.000   .2000D-01   .2000D-01
 1.000 1.000   .4000D-05   .2000D-05
 1.000 1.000   .5000D-02   .5000D-02
    3    9
    1    1   .5000D-08
    1    3   .5000D-08
    3    3   .5000D-08
    1    1   .5100D-08
    1   12  -.5100D-08
   12   12   .5100D-08
    3    3   .5100D-09
    3    4  -.5100D-09
    4    4   .5100D-09
    1    1   .2000D-08
    1    7   .1000D-08
    7    7   .5000D-09
   .1250D+01   .5800D+00   .1800D-03   .1800D-01  -.1000D+01
   .1450D+04   .4960D+06   .4000D-01   .7500D+01
   .7500D-07   .5000D+01   .6000D-13
   .1000D-05   .4000D+00   .2100D+01   .1500D-07
   .4000D-05   .1000D-03
 1.000 1.000   .1000D-09   .1000D-09
 1.000 1.000   .1000D-09   .5000D-06
 1.000 1.000   .1000D-09   .1200D-04
 1.000 1.000   .1000D-09   .1800D-05
 1.000 1.000   .1000D-03   .1000D-03
 1.000 1.000   .9000D-02   .9000D-02
 1.000 1.000   .1000D-09   .1200D-07
 1.000 1.000   .1000D-09   .1200D-07
 1.000 1.000   .1000D-05   .1000D-05
 1.000 1.000   .9000D-02   .9000D-02
 1.000 1.000   .1000D-09   .3000D-06
 1.000 1.000   .1000D-09   .1500D-04
    0    6
    1    1   .6000D-08
    1   12  -.6000D-08
   12   12   .6000D-08
    1    1   .8000D-09
    1    7   .4000D-09
    7    7   .2000D-09
   .1500D+01   .1700D+00   .1200D-03   .1800D-01  -.1000D+01
   .1450D+04   .4960D+06   .4000D-01   .7500D+01
   .7500D-07   .5000D+01   .0000D+00
   .1000D-06   .4000D+00   .2100D+01   .0000D+00
   .4000D-05   .1000D-03
 1.000 1.000   .1000D-09   .1000D-09
 1.000 1.000   .1000D-09   .3000D-06
 1.000 1.000   .1000D-09   .8000D-05
 1.000 1.000   .1000D-09   .1000D-05
 1.000 1.000   .1000D-03   .1000D-03
 1.000 1.000   .9000D-02   .9000D-02
 1.000 1.000   .1000D-09   .1200D-07
 1.000 1.000   .1000D-09   .1200D-07
 1.000 1.000   .1000D-05   .1000D-05
 1.000 1.000   .9000D-02   .9000D-02
 1.000 1.000   .1000D-09   .3000D-06
 1.000 1.000   .1000D-09   .1500D-04
    3    9
    3    3   .2000D-06
    3    4  -.2000D-06
    4    4   .2000D-06
    1    1   .6000D-08
    1   12  -.6000D-08
   12   12   .6000D-08
    3    3   .4000D-08
    3    4  -.4000D-08
    4    4   .4000D-08
    1    1   .8000D-09
    1    7   .4000D-09
    7    7   .2000D-09
    0  205   .3000D-09
   .1000D-02   .1000D-01   .3000D+00   .1450D+00   .4960D+02
   .1000D-02   .2000D-04   .3000D+00   .2000D-01   .2000D+01
 1.000  .000   .3436D-02   .6000D-01
 1.000  .000   .4124D-02   .8000D-01
 1.000  .000   .4124D-02   .8000D-01
 1.000  .000   .1031D-02   .4000D-01
 1.000  .000   .6873D-02   .6000D-01
 1.000  .000   .6873D-02   .6000D-01
 1.000  .000   .4811D-03   .4000D-01
 1.000  .000   .4811D-03   .4000D-01
 1.000  .000   .1375D-02   .4000D-01
 1.000  .000   .2062D-01   .8000D-01
 1.000  .000   .4124D-02   .8000D-01
 1.000  .000   .3436D-01   .4000D+01
   .6900D+01   .1200D+01   .4000D-03   .5000D-01  -.1000D+01
   .1450D+01   .4960D+03   .3200D-01   .7500D+01
   .8500D-06   .5000D+01   .0000D+00
   .0000D+00   .0000D+00   .0000D+00   .0000D+00
   .3000D-02   .2000D-02
 1.000 1.000   .2000D-04   .1000D-08
 1.000 1.000   .2000D-04   .1000D-04
 1.000 1.000   .2000D-05   .5000D-06
 1.000 1.000   .4000D-06   .1000D-06
 1.000 1.000   .1300D-02   .1300D-02
 1.000 1.000   .1500D+00   .1500D+00
 1.000 1.000   .2000D-08   .2000D-07
 1.000 1.000   .2000D-08   .2000D-07
 1.000 1.000   .1000D-05   .1000D-05
 1.000 1.000   .2000D-01   .2000D-01
 1.000 1.000   .4000D-05   .2000D-05
 1.000 1.000   .5000D-02   .5000D-02
    3    9
    1    1   .5000D-08
    1    3   .5000D-08
    3    3   .5000D-08
    1    1   .5100D-08
    1   12  -.5100D-08
   12   12   .5100D-08
    3    3   .5100D-09
    3    4  -.5100D-09
    4    4   .5100D-09
    1    1   .2000D-08
    1    7   .1000D-08
    7    7   .5000D-09
   .1250D+01   .5800D+00   .1800D-03   .1800D-01  -.1000D+01
   .1450D+04   .4960D+06   .4000D-01   .7500D+01
   .7500D-07   .5000D+01   .6000D-13
   .1000D-05   .4000D+00   .2100D+01   .1500D-07
   .4000D-05   .1000D-03
 1.000 1.000   .1000D-09   .1000D-09
 1.000 1.000   .1000D-09   .5000D-06
 1.000 1.000   .1000D-09   .1200D-04
 1.000 1.000   .1000D-09   .1800D-05
 1.000 1.000   .1000D-03   .1000D-03
 1.000 1.000   .9000D-02   .9000D-02
 1.000 1.000   .1000D-09   .1200D-07
 1.000 1.000   .1000D-09   .1200D-07
 1.000 1.000   .1000D-05   .1000D-05
 1.000 1.000   .9000D-02   .9000D-02
 1.000 1.000   .1000D-09   .3000D-06
 1.000 1.000   .1000D-09   .1500D-04
    0    6
    1    1   .6000D-08
    1   12  -.6000D-08
   12   12   .6000D-08
    1    1   .8000D-09
    1    7   .4000D-09
    7    7   .2000D-09
   .1500D+01   .1700D+00   .1200D-03   .1800D-01  -.1000D+01
   .1450D+04   .4960D+06   .4000D-01   .7500D+01
   .7500D-07   .5000D+01   .0000D+00
   .1000D-06   .4000D+00   .2100D+01   .0000D+00
   .4000D-05   .1000D-03
 1.000 1.000   .1000D-09   .1000D-09
 1.000 1.000   .1000D-09   .3000D-06
 1.000 1.000   .1000D-09   .8000D-05
 1.000 1.000   .1000D-09   .1000D-05
 1.000 1.000   .1000D-03   .1000D-03
 1.000 1.000   .9000D-02   .9000D-02
 1.000 1.000   .1000D-09   .1200D-07
 1.000 1.000   .1000D-09   .1200D-07
 1.000 1.000   .1000D-05   .1000D-05
 1.000 1.000   .9000D-02   .9000D-02
 1.000 1.000   .1000D-09   .3000D-06
 1.000 1.000   .1000D-09   .1500D-04
    3    9
    3    3   .2000D-06
    3    4  -.2000D-06
    4    4   .2000D-06
    1    1   .6000D-08
    1   12  -.6000D-08
   12   12   .6000D-08
    3    3   .4000D-08
    3    4  -.4000D-08
    4    4   .4000D-08
    1    1   .8000D-09
    1    7   .4000D-09
    7    7   .2000D-09
    0  205   .3000D-09
   .1000D-02   .1000D-01   .3000D+00   .1450D+00   .4960D+02
   .1000D-02   .2000D-04   .3000D+00   .2000D-01   .2000D+01
 1.000  .000   .2858D-02   .6000D-01
 1.000  .000   .3430D-02   .8000D-01
 1.000  .000   .3430D-02   .8000D-01
 1.000  .000   .8575D-03   .4000D-01
 1.000  .000   .5716D-02   .6000D-01
 1.000  .000   .5716D-02   .6000D-01
 1.000  .000   .4001D-03   .4000D-01
 1.000  .000   .4001D-03   .4000D-01
 1.000  .000   .1143D-02   .4000D-01
 1.000  .000   .1715D-01   .8000D-01
 1.000  .000   .3430D-02   .8000D-01
 1.000  .000   .2858D-01   .4000D+01
   .6900D+01   .1200D+01   .4000D-03   .5000D-01  -.1000D+01
   .1450D+01   .4960D+03   .3200D-01   .7500D+01
   .8500D-06   .5000D+01   .0000D+00
   .0000D+00   .0000D+00   .0000D+00   .0000D+00
   .3000D-02   .2000D-02
 1.000 1.000   .2000D-04   .1000D-08
 1.000 1.000   .2000D-04   .1000D-04
 1.000 1.000   .2000D-05   .5000D-06
 1.000 1.000   .4000D-06   .1000D-06
 1.000 1.000   .1300D-02   .1300D-02
 1.000 1.000   .1500D+00   .1500D+00
 1.000 1.000   .2000D-08   .2000D-07
 1.000 1.000   .2000D-08   .2000D-07
 1.000 1.000   .1000D-05   .1000D-05
 1.000 1.000   .2000D-01   .2000D-01
 1.000 1.000   .4000D-05   .2000D-05
 1.000 1.000   .5000D-02   .5000D-02
    3    9
    1    1   .5000D-08
    1    3   .5000D-08
    3    3   .5000D-08
    1    1   .5100D-08
    1   12  -.5100D-08
   12   12   .5100D-08
    3    3   .5100D-09
    3    4  -.5100D-09
    4    4   .5100D-09
    1    1   .2000D-08
    1    7   .1000D-08
    7    7   .5000D-09
   .1250D+01   .5800D+00   .1800D-03   .1800D-01  -.1000D+01
   .1450D+04   .4960D+06   .4000D-01   .7500D+01
   .7500D-07   .5000D+01   .6000D-13
   .1000D-05   .4000D+00   .2100D+01   .1500D-07
   .4000D-05   .1000D-03
 1.000 1.000   .1000D-09   .1000D-09
 1.000 1.000   .1000D-09   .5000D-06
 1.000 1.000   .1000D-09   .1200D-04
 1.000 1.000   .1000D-09   .1800D-05
 1.000 1.000   .1000D-03   .1000D-03
 1.000 1.000   .9000D-02   .9000D-02
 1.000 1.000   .1000D-09   .1200D-07
 1.000 1.000   .1000D-09   .1200D-07
 1.000 1.000   .1000D-05   .1000D-05
 1.000 1.000   .9000D-02   .9000D-02
 1.000 1.000   .1000D-09   .3000D-06
 1.000 1.000   .1000D-09   .1500D-04
    0    6
    1    1   .6000D-08
    1   12  -.6000D-08
   12   12   .6000D-08
    1    1   .8000D-09
    1    7   .4000D-09
    7    7   .2000D-09
   .1500D+01   .1700D+00   .1200D-03   .1800D-01  -.1000D+01
   .1450D+04   .4960D+06   .4000D-01   .7500D+01
   .7500D-07   .5000D+01   .0000D+00
   .1000D-06   .4000D+00   .2100D+01   .0000D+00
   .4000D-05   .1000D-03
 1.000 1.000   .1000D-09   .1000D-09
 1.000 1.000   .1000D-09   .3000D-06
 1.000 1.000   .1000D-09   .8000D-05
 1.000 1.000   .1000D-09   .1000D-05
 1.000 1.000   .1000D-03   .1000D-03
 1.000 1.000   .9000D-02   .9000D-02
 1.000 1.000   .1000D-09   .1200D-07
 1.000 1.000   .1000D-09   .1200D-07
 1.000 1.000   .1000D-05   .1000D-05
 1.000 1.000   .9000D-02   .9000D-02
 1.000 1.000   .1000D-09   .3000D-06
 1.000 1.000   .1000D-09   .1500D-04
    3    9
    3    3   .2000D-06
    3    4  -.2000D-06
    4    4   .2000D-06
    1    1   .6000D-08
    1   12  -.6000D-08
   12   12   .6000D-08
    3    3   .4000D-08
    3    4  -.4000D-08
    4    4   .4000D-08
    1    1   .8000D-09
    1    7   .4000D-09
    7    7   .2000D-09
    0  205   .3000D-09
   .1000D-02   .1000D-01   .3000D+00   .1450D+00   .4960D+02
   .1000D-02   .2000D-04   .3000D+00   .2000D-01   .2000D+01
 1.000  .000   .2377D-02   .6000D-01
 1.000  .000   .2853D-02   .8000D-01
 1.000  .000   .2853D-02   .8000D-01
 1.000  .000   .7132D-03   .4000D-01
 1.000  .000   .4755D-02   .6000D-01
 1.000  .000   .4755D-02   .6000D-01
 1.000  .000   .3328D-03   .4000D-01
 1.000  .000   .3328D-03   .4000D-01
 1.000  .000   .9509D-03   .4000D-01
 1.000  .000   .1426D-01   .8000D-01
 1.000  .000   .2853D-02   .8000D-01
 1.000  .000   .2377D-01   .4000D+01
   .6900D+01   .1200D+01   .4000D-03   .5000D-01  -.1000D+01
   .1450D+01   .4960D+03   .3200D-01   .7500D+01
   .8500D-06   .5000D+01   .0000D+00
   .0000D+00   .0000D+00   .0000D+00   .0000D+00
   .3000D-02   .2000D-02
 1.000 1.000   .2000D-04   .1000D-08
 1.000 1.000   .2000D-04   .1000D-04
 1.000 1.000   .2000D-05   .5000D-06
 1.000 1.000   .4000D-06   .1000D-06
 1.000 1.000   .1300D-02   .1300D-02
 1.000 1.000   .1500D+00   .1500D+00
 1.000 1.000   .2000D-08   .2000D-07
 1.000 1.000   .2000D-08   .2000D-07
 1.000 1.000   .1000D-05   .1000D-05
 1.000 1.000   .2000D-01   .2000D-01
 1.000 1.000   .4000D-05   .2000D-05
 1.000 1.000   .5000D-02   .5000D-02
    3    9
    1    1   .5000D-08
    1    3   .5000D-08
    3    3   .5000D-08
    1    1   .5100D-08
    1   12  -.5100D-08
   12   12   .5100D-08
    3    3   .5100D-09
    3    4  -.5100D-09
    4    4   .5100D-09
    1    1   .2000D-08
    1    7   .1000D-08
    7    7   .5000D-09
   .1250D+01   .5800D+00   .1800D-03   .1800D-01  -.1000D+01
   .1450D+04   .4960D+06   .4000D-01   .7500D+01
   .7500D-07   .5000D+01   .6000D-13
   .1000D-05   .4000D+00   .2100D+01   .1500D-07
   .4000D-05   .1000D-03
 1.000 1.000   .1000D-09   .1000D-09
 1.000 1.000   .1000D-09   .5000D-06
 1.000 1.000   .1000D-09   .1200D-04
 1.000 1.000   .1000D-09   .1800D-05
 1.000 1.000   .1000D-03   .1000D-03
 1.000 1.000   .9000D-02   .9000D-02
 1.000 1.000   .1000D-09   .1200D-07
 1.000 1.000   .1000D-09   .1200D-07
 1.000 1.000   .1000D-05   .1000D-05
 1.000 1.000   .9000D-02   .9000D-02
 1.000 1.000   .1000D-09   .3000D-06
 1.000 1.000   .1000D-09   .1500D-04
    0    6
    1    1   .6000D-08
    1   12  -.6000D-08
   12   12   .6000D-08
    1    1   .8000D-09
    1    7   .4000D-09
    7    7   .2000D-09
   .1500D+01   .1700D+00   .1200D-03   .1800D-01  -.1000D+01
   .1450D+04   .4960D+06   .4000D-01   .7500D+01
   .7500D-07   .5000D+01   .0000D+00
   .1000D-06   .4000D+00   .2100D+01   .0000D+00
   .4000D-05   .1000D-03
 1.000 1.000   .1000D-09   .1000D-09
 1.000 1.000   .1000D-09   .3000D-06
 1.000 1.000   .1000D-09   .8000D-05
 1.000 1.000   .1000D-09   .1000D-05
 1.000 1.000   .1000D-03   .1000D-03
 1.000 1.000   .9000D-02   .9000D-02
 1.000 1.000   .1000D-09   .1200D-07
 1.000 1.000   .1000D-09   .1200D-07
 1.000 1.000   .1000D-05   .1000D-05
 1.000 1.000   .9000D-02   .9000D-02
 1.000 1.000   .1000D-09   .3000D-06
 1.000 1.000   .1000D-09   .1500D-04
    3    9
    3    3   .2000D-06
    3    4  -.2000D-06
    4    4   .2000D-06
    1    1   .6000D-08
    1   12  -.6000D-08
   12   12   .6000D-08
    3    3   .4000D-08
    3    4  -.4000D-08
    4    4   .4000D-08
    1    1   .8000D-09
    1    7   .4000D-09
    7    7   .2000D-09
    0  205   .3000D-09
   .1000D-02   .1000D-01   .3000D+00   .1450D+00   .4960D+02
   .1000D-02   .2000D-04   .3000D+00   .2000D-01   .2000D+01
 1.000  .000   .1977D-02   .6000D-01
 1.000  .000   .2373D-02   .8000D-01
 1.000  .000   .2373D-02   .8000D-01
 1.000  .000   .5932D-03   .4000D-01
 1.000  .000   .3955D-02   .6000D-01
 1.000  .000   .3955D-02   .6000D-01
 1.000  .000   .2768D-03   .4000D-01
 1.000  .000   .2768D-03   .4000D-01
 1.000  .000   .7910D-03   .4000D-01
 1.000  .000   .1186D-01   .8000D-01
 1.000  .000   .2373D-02   .8000D-01
 1.000  .000   .1977D-01   .4000D+01
   .6900D+01   .1200D+01   .4000D-03   .5000D-01  -.1000D+01
   .1450D+01   .4960D+03   .3200D-01   .7500D+01
   .8500D-06   .5000D+01   .0000D+00
   .0000D+00   .0000D+00   .0000D+00   .0000D+00
   .3000D-02   .2000D-02
 1.000 1.000   .2000D-04   .1000D-08
 1.000 1.000   .2000D-04   .1000D-04
 1.000 1.000   .2000D-05   .5000D-06
 1.000 1.000   .4000D-06   .1000D-06
 1.000 1.000   .1300D-02   .1300D-02
 1.000 1.000   .1500D+00   .1500D+00
 1.000 1.000   .2000D-08   .2000D-07
 1.000 1.000   .2000D-08   .2000D-07
 1.000 1.000   .1000D-05   .1000D-05
 1.000 1.000   .2000D-01   .2000D-01
 1.000 1.000   .4000D-05   .2000D-05
 1.000 1.000   .5000D-02   .5000D-02
    3    9
    1    1   .5000D-08
    1    3   .5000D-08
    3    3   .5000D-08
    1    1   .5100D-08
    1   12  -.5100D-08
   12   12   .5100D-08
    3    3   .5100D-09
    3    4  -.5100D-09
    4    4   .5100D-09
    1    1   .2000D-08
    1    7   .1000D-08
    7    7   .5000D-09
   .1250D+01   .5800D+00   .1800D-03   .1800D-01  -.1000D+01
   .1450D+04   .4960D+06   .4000D-01   .7500D+01
   .7500D-07   .5000D+01   .6000D-13
   .1000D-05   .4000D+00   .2100D+01   .1500D-07
   .4000D-05   .1000D-03
 1.000 1.000   .1000D-09   .1000D-09
 1.000 1.000   .1000D-09   .5000D-06
 1.000 1.000   .1000D-09   .1200D-04
 1.000 1.000   .1000D-09   .1800D-05
 1.000 1.000   .1000D-03   .1000D-03
 1.000 1.000   .9000D-02   .9000D-02
 1.000 1.000   .1000D-09   .1200D-07
 1.000 1.000   .1000D-09   .1200D-07
 1.000 1.000   .1000D-05   .1000D-05
 1.000 1.000   .9000D-02   .9000D-02
 1.000 1.000   .1000D-09   .3000D-06
 1.000 1.000   .1000D-09   .1500D-04
    0    6
    1    1   .6000D-08
    1   12  -.6000D-08
   12   12   .6000D-08
    1    1   .8000D-09
    1    7   .4000D-09
    7    7   .2000D-09
   .1500D+01   .1700D+00   .1200D-03   .1800D-01  -.1000D+01
   .1450D+04   .4960D+06   .4000D-01   .7500D+01
   .7500D-07   .5000D+01   .0000D+00
   .1000D-06   .4000D+00   .2100D+01   .0000D+00
   .4000D-05   .1000D-03
 1.000 1.000   .1000D-09   .1000D-09
 1.000 1.000   .1000D-09   .3000D-06
 1.000 1.000   .1000D-09   .8000D-05
 1.000 1.000   .1000D-09   .1000D-05
 1.000 1.000   .1000D-03   .1000D-03
 1.000 1.000   .9000D-02   .9000D-02
 1.000 1.000   .1000D-09   .1200D-07
 1.000 1.000   .1000D-09   .1200D-07
 1.000 1.000   .1000D-05   .1000D-05
 1.000 1.000   .9000D-02   .9000D-02
 1.000 1.000   .1000D-09   .3000D-06
 1.000 1.000   .1000D-09   .1500D-04
    3    9
    3    3   .2000D-06
    3    4  -.2000D-06
    4    4   .2000D-06
    1    1   .6000D-08
    1   12  -.6000D-08
   12   12   .6000D-08
    3    3   .4000D-08
    3    4  -.4000D-08
    4    4   .4000D-08
    1    1   .8000D-09
    1    7   .4000D-09
    7    7   .2000D-09
    0  205   .3000D-09
   .1000D-02   .1000D-01   .3000D+00   .1450D+00   .4960D+02
   .1000D-02   .2000D-04   .3000D+00   .2000D-01   .2000D+01
 1.000  .000   .1645D-02   .6000D-01
 1.000  .000   .1974D-02   .8000D-01
 1.000  .000   .1974D-02   .8000D-01
 1.000  .000   .4934D-03   .4000D-01
 1.000  .000   .3289D-02   .6000D-01
 1.000  .000   .3289D-02   .6000D-01
 1.000  .000   .2303D-03   .4000D-01
 1.000  .000   .2303D-03   .4000D-01
 1.000  .000   .6579D-03   .4000D-01
 1.000  .000   .9868D-02   .8000D-01
 1.000  .000   .1974D-02   .8000D-01
 1.000  .000   .1645D-01   .4000D+01
   .6900D+01   .1200D+01   .4000D-03   .5000D-01  -.1000D+01
   .1450D+01   .4960D+03   .3200D-01   .7500D+01
   .8500D-06   .5000D+01   .0000D+00
   .0000D+00   .0000D+00   .0000D+00   .0000D+00
   .3000D-02   .2000D-02
 1.000 1.000   .2000D-04   .1000D-08
 1.000 1.000   .2000D-04   .1000D-04
 1.000 1.000   .2000D-05   .5000D-06
 1.000 1.000   .4000D-06   .1000D-06
 1.000 1.000   .1300D-02   .1300D-02
 1.000 1.000   .1500D+00   .1500D+00
 1.000 1.000   .2000D-08   .2000D-07
 1.000 1.000   .2000D-08   .2000D-07
 1.000 1.000   .1000D-05   .1000D-05
 1.000 1.000   .2000D-01   .2000D-01
 1.000 1.000   .4000D-05   .2000D-05
 1.000 1.000   .5000D-02   .5000D-02
    3    9
    1    1   .5000D-08
    1    3   .5000D-08
    3    3   .5000D-08
    1    1   .5100D-08
    1   12  -.5100D-08
   12   12   .5100D-08
    3    3   .5100D-09
    3    4  -.5100D-09
    4    4   .5100D-09
    1    1   .2000D-08
    1    7   .1000D-08
    7    7   .5000D-09
   .1250D+01   .5800D+00   .1800D-03   .1800D-01  -.1000D+01
   .1450D+04   .4960D+06   .4000D-01   .7500D+01
   .7500D-07   .5000D+01   .6000D-13
   .1000D-05   .4000D+00   .2100D+01   .1500D-07
   .4000D-05   .1000D-03
 1.000 1.000   .1000D-09   .1000D-09
 1.000 1.000   .1000D-09   .5000D-06
 1.000 1.000   .1000D-09   .1200D-04
 1.000 1.000   .1000D-09   .1800D-05
 1.000 1.000   .1000D-03   .1000D-03
 1.000 1.000   .9000D-02   .9000D-02
 1.000 1.000   .1000D-09   .1200D-07
 1.000 1.000   .1000D-09   .1200D-07
 1.000 1.000   .1000D-05   .1000D-05
 1.000 1.000   .9000D-02   .9000D-02
 1.000 1.000   .1000D-09   .3000D-06
 1.000 1.000   .1000D-09   .1500D-04
    0    6
    1    1   .6000D-08
    1   12  -.6000D-08
   12   12   .6000D-08
    1    1   .8000D-09
    1    7   .4000D-09
    7    7   .2000D-09
   .1500D+01   .1700D+00   .1200D-03   .1800D-01  -.1000D+01
   .1450D+04   .4960D+06   .4000D-01   .7500D+01
   .7500D-07   .5000D+01   .0000D+00
   .1000D-06   .4000D+00   .2100D+01   .0000D+00
   .4000D-05   .1000D-03
 1.000 1.000   .1000D-09   .1000D-09
 1.000 1.000   .1000D-09   .3000D-06
 1.000 1.000   .1000D-09   .8000D-05
 1.000 1.000   .1000D-09   .1000D-05
 1.000 1.000   .1000D-03   .1000D-03
 1.000 1.000   .9000D-02   .9000D-02
 1.000 1.000   .1000D-09   .1200D-07
 1.000 1.000   .1000D-09   .1200D-07
 1.000 1.000   .1000D-05   .1000D-05
 1.000 1.000   .9000D-02   .9000D-02
 1.000 1.000   .1000D-09   .3000D-06
 1.000 1.000   .1000D-09   .1500D-04
    3    9
    3    3   .2000D-06
    3    4  -.2000D-06
    4    4   .2000D-06
    1    1   .6000D-08
    1   12  -.6000D-08
   12   12   .6000D-08
    3    3   .4000D-08
    3    4  -.4000D-08
    4    4   .4000D-08
    1    1   .8000D-09
    1    7   .4000D-09
    7    7   .2000D-09
    0  205   .3000D-09
   .1000D-02   .1000D-01   .3000D+00   .1450D+00   .4960D+02
   .1000D-02   .2000D-04   .3000D+00   .2000D-01   .2000D+01
 1.000  .000   .1368D-02   .6000D-01
 1.000  .000   .1642D-02   .8000D-01
 1.000  .000   .1642D-02   .8000D-01
 1.000  .000   .4104D-03   .4000D-01
 1.000  .000   .2736D-02   .6000D-01
 1.000  .000   .2736D-02   .6000D-01
 1.000  .000   .1915D-03   .4000D-01
 1.000  .000   .1915D-03   .4000D-01
 1.000  .000   .5472D-03   .4000D-01
 1.000  .000   .8208D-02   .8000D-01
 1.000  .000   .1642D-02   .8000D-01
 1.000  .000   .1368D-01   .4000D+01
   .6900D+01   .1200D+01   .4000D-03   .5000D-01  -.1000D+01
   .1450D+01   .4960D+03   .3200D-01   .7500D+01
   .8500D-06   .5000D+01   .0000D+00
   .0000D+00   .0000D+00   .0000D+00   .0000D+00
   .3000D-02   .2000D-02
 1.000 1.000   .2000D-04   .1000D-08
 1.000 1.000   .2000D-04   .1000D-04
 1.000 1.000   .2000D-05   .5000D-06
 1.000 1.000   .4000D-06   .1000D-06
 1.000 1.000   .1300D-02   .1300D-02
 1.000 1.000   .1500D+00   .1500D+00
 1.000 1.000   .2000D-08   .2000D-07
 1.000 1.000   .2000D-08   .2000D-07
 1.000 1.000   .1000D-05   .1000D-05
 1.000 1.000   .2000D-01   .2000D-01
 1.000 1.000   .4000D-05   .2000D-05
 1.000 1.000   .5000D-02   .5000D-02
    3    9
    1    1   .5000D-08
    1    3   .5000D-08
    3    3   .5000D-08
    1    1   .5100D-08
    1   12  -.5100D-08
   12   12   .5100D-08
    3    3   .5100D-09
    3    4  -.5100D-09
    4    4   .5100D-09
    1    1   .2000D-08
    1    7   .1000D-08
    7    7   .5000D-09
   .1250D+01   .5800D+00   .1800D-03   .1800D-01  -.1000D+01
   .1450D+04   .4960D+06   .4000D-01   .7500D+01
   .7500D-07   .5000D+01   .6000D-13
   .1000D-05   .4000D+00   .2100D+01   .1500D-07
   .4000D-05   .1000D-03
 1.000 1.000   .1000D-09   .1000D-09
 1.000 1.000   .1000D-09   .5000D-06
 1.000 1.000   .1000D-09   .1200D-04
 1.000 1.000   .1000D-09   .1800D-05
 1.000 1.000   .1000D-03   .1000D-03
 1.000 1.000   .9000D-02   .9000D-02
 1.000 1.000   .1000D-09   .1200D-07
 1.000 1.000   .1000D-09   .1200D-07
 1.000 1.000   .1000D-05   .1000D-05
 1.000 1.000   .9000D-02   .9000D-02
 1.000 1.000   .1000D-09   .3000D-06
 1.000 1.000   .1000D-09   .1500D-04
    0    6
    1    1   .6000D-08
    1   12  -.6000D-08
   12   12   .6000D-08
    1    1   .8000D-09
    1    7   .4000D-09
    7    7   .2000D-09
   .1500D+01   .1700D+00   .1200D-03   .1800D-01  -.1000D+01
   .1450D+04   .4960D+06   .4000D-01   .7500D+01
   .7500D-07   .5000D+01   .0000D+00
   .1000D-06   .4000D+00   .2100D+01   .0000D+00
   .4000D-05   .1000D-03
 1.000 1.000   .1000D-09   .1000D-09
 1.000 1.000   .1000D-09   .3000D-06
 1.000 1.000   .1000D-09   .8000D-05
 1.000 1.000   .1000D-09   .1000D-05
 1.000 1.000   .1000D-03   .1000D-03
 1.000 1.000   .9000D-02   .9000D-02
 1.000 1.000   .1000D-09   .1200D-07
 1.000 1.000   .1000D-09   .1200D-07
 1.000 1.000   .1000D-05   .1000D-05
 1.000 1.000   .9000D-02   .9000D-02
 1.000 1.000   .1000D-09   .3000D-06
 1.000 1.000   .1000D-09   .1500D-04
    3    9
    3    3   .2000D-06
    3    4  -.2000D-06
    4    4   .2000D-06
    1    1   .6000D-08
    1   12  -.6000D-08
   12   12   .6000D-08
    3    3   .4000D-08
    3    4  -.4000D-08
    4    4   .4000D-08
    1    1   .8000D-09
    1    7   .4000D-09
    7    7   .2000D-09
    0  205   .3000D-09
   .1000D-02   .1000D-01   .3000D+00   .1450D+00   .4960D+02
   .1000D-02   .2000D-04   .3000D+00   .2000D-01   .2000D+01
 1.000  .000   .1138D-02   .6000D-01
 1.000  .000   .1365D-02   .8000D-01
 1.000  .000   .1365D-02   .8000D-01
 1.000  .000   .3414D-03   .4000D-01
 1.000  .000   .2276D-02   .6000D-01
 1.000  .000   .2276D-02   .6000D-01
 1.000  .000   .1593D-03   .4000D-01
 1.000  .000   .1593D-03   .4000D-01
 1.000  .000   .4551D-03   .4000D-01
 1.000  .000   .6827D-02   .8000D-01
 1.000  .000   .1365D-02   .8000D-01
 1.000  .000   .1138D-01   .4000D+01
   .6900D+01   .1200D+01   .4000D-03   .5000D-01  -.1000D+01
   .1450D+01   .4960D+03   .3200D-01   .7500D+01
   .8500D-06   .5000D+01   .0000D+00
   .0000D+00   .0000D+00   .0000D+00   .0000D+00
   .3000D-02   .2000D-02
 1.000 1.000   .2000D-04   .1000D-08
 1.000 1.000   .2000D-04   .1000D-04
 1.000 1.000   .2000D-05   .5000D-06
 1.000 1.000   .4000D-06   .1000D-06
 1.000 1.000   .1300D-02   .1300D-02
 1.000 1.000   .1500D+00   .1500D+00
 1.000 1.000   .2000D-08   .2000D-07
 1.000 1.000   .2000D-08   .2000D-07
 1.000 1.000   .1000D-05   .1000D-05
 1.000 1.000   .2000D-01   .2000D-01
 1.000 1.000   .4000D-05   .2000D-05
 1.000 1.000   .5000D-02   .5000D-02
    3    9
    1    1   .5000D-08
    1    3   .5000D-08
    3    3   .5000D-08
    1    1   .5100D-08
    1   12  -.5100D-08
   12   12   .5100D-08
    3    3   .5100D-09
    3    4  -.5100D-09
    4    4   .5100D-09
    1    1   .2000D-08
    1    7   .1000D-08
    7    7   .5000D-09
   .1250D+01   .5800D+00   .1800D-03   .1800D-01  -.1000D+01
   .1450D+04   .4960D+06   .4000D-01   .7500D+01
   .7500D-07   .5000D+01   .6000D-13
   .1000D-05   .4000D+00   .2100D+01   .1500D-07
   .4000D-05   .1000D-03
 1.000 1.000   .1000D-09   .1000D-09
 1.000 1.000   .1000D-09   .5000D-06
 1.000 1.000   .1000D-09   .1200D-04
 1.000 1.000   .1000D-09   .1800D-05
 1.000 1.000   .1000D-03   .1000D-03
 1.000 1.000   .9000D-02   .9000D-02
 1.000 1.000   .1000D-09   .1200D-07
 1.000 1.000   .1000D-09   .1200D-07
 1.000 1.000   .1000D-05   .1000D-05
 1.000 1.000   .9000D-02   .9000D-02
 1.000 1.000   .1000D-09   .3000D-06
 1.000 1.000   .1000D-09   .1500D-04
    0    6
    1    1   .6000D-08
    1   12  -.6000D-08
   12   12   .6000D-08
    1    1   .8000D-09
    1    7   .4000D-09
    7    7   .2000D-09
   .1500D+01   .1700D+00   .1200D-03   .1800D-01  -.1000D+01
   .1450D+04   .4960D+06   .4000D-01   .7500D+01
   .7500D-07   .5000D+01   .0000D+00
   .1000D-06   .4000D+00   .2100D+01   .0000D+00
   .4000D-05   .1000D-03
 1.000 1.000   .1000D-09   .1000D-09
 1.000 1.000   .1000D-09   .3000D-06
 1.000 1.000   .1000D-09   .8000D-05
 1.000 1.000   .1000D-09   .1000D-05
 1.000 1.000   .1000D-03   .1000D-03
 1.000 1.000   .9000D-02   .9000D-02
 1.000 1.000   .1000D-09   .1200D-07
 1.000 1.000   .1000D-09   .1200D-07
 1.000 1.000   .1000D-05   .1000D-05
 1.000 1.000   .9000D-02   .9000D-02
 1.000 1.000   .1000D-09   .3000D-06
 1.000 1.000   .1000D-09   .1500D-04
    3    9
    3    3   .2000D-06
    3    4  -.2000D-06
    4    4   .2000D-06
    1    1   .6000D-08
    1   12  -.6000D-08
   12   12   .6000D-08
    3    3   .4000D-08
    3    4  -.4000D-08
    4    4   .4000D-08
    1    1   .8000D-09
    1    7   .4000D-09
    7    7   .2000D-09
    0  205   .3000D-09
   .1000D-02   .1000D-01   .3000D+00   .1450D+00   .4960D+02
   .1000D-02   .2000D-04   .3000D+00   .2000D-01   .2000D+01
 1.000  .000   .9464D-03   .6000D-01
 1.000  .000   .1136D-02   .8000D-01
 1.000  .000   .1136D-02   .8000D-01
 1.000  .000   .2839D-03   .4000D-01
 1.000  .000   .1893D-02   .6000D-01
 1.000  .000   .1893D-02   .6000D-01
 1.000  .000   .1325D-03   .4000D-01
 1.000  .000   .1325D-03   .4000D-01
 1.000  .000   .3786D-03   .4000D-01
 1.000  .000   .5679D-02   .8000D-01
 1.000  .000   .1136D-02   .8000D-01
 1.000  .000   .9464D-02   .4000D+01
   .6900D+01   .1200D+01   .4000D-03   .5000D-01  -.1000D+01
   .1450D+01   .4960D+03   .3200D-01   .7500D+01
   .8500D-06   .5000D+01   .0000D+00
   .0000D+00   .0000D+00   .0000D+00   .0000D+00
   .3000D-02   .2000D-02
 1.000 1.000   .2000D-04   .1000D-08
 1.000 1.000   .2000D-04   .1000D-04
 1.000 1.000   .2000D-05   .5000D-06
 1.000 1.000   .4000D-06   .1000D-06
 1.000 1.000   .1300D-02   .1300D-02
 1.000 1.000   .1500D+00   .1500D+00
 1.000 1.000   .2000D-08   .2000D-07
 1.000 1.000   .2000D-08   .2000D-07
 1.000 1.000   .1000D-05   .1000D-05
 1.000 1.000   .2000D-01   .2000D-01
 1.000 1.000   .4000D-05   .2000D-05
 1.000 1.000   .5000D-02   .5000D-02
    3    9
    1    1   .5000D-08
    1    3   .5000D-08
    3    3   .5000D-08
    1    1   .5100D-08
    1   12  -.5100D-08
   12   12   .5100D-08
    3    3   .5100D-09
    3    4  -.5100D-09
    4    4   .5100D-09
    1    1   .2000D-08
    1    7   .1000D-08
    7    7   .5000D-09
   .1250D+01   .5800D+00   .1800D-03   .1800D-01  -.1000D+01
   .1450D+04   .4960D+06   .4000D-01   .7500D+01
   .7500D-07   .5000D+01   .6000D-13
   .1000D-05   .4000D+00   .2100D+01   .1500D-07
   .4000D-05   .1000D-03
 1.000 1.000   .1000D-09   .1000D-09
 1.000 1.000   .1000D-09   .5000D-06
 1.000 1.000   .1000D-09   .1200D-04
 1.000 1.000   .1000D-09   .1800D-05
 1.000 1.000   .1000D-03   .1000D-03
 1.000 1.000   .9000D-02   .9000D-02
 1.000 1.000   .1000D-09   .1200D-07
 1.000 1.000   .1000D-09   .1200D-07
 1.000 1.000   .1000D-05   .1000D-05
 1.000 1.000   .9000D-02   .9000D-02
 1.000 1.000   .1000D-09   .3000D-06
 1.000 1.000   .1000D-09   .1500D-04
    0    6
    1    1   .6000D-08
    1   12  -.6000D-08
   12   12   .6000D-08
    1    1   .8000D-09
    1    7   .4000D-09
    7    7   .2000D-09
   .1500D+01   .1700D+00   .1200D-03   .1800D-01  -.1000D+01
   .1450D+04   .4960D+06   .4000D-01   .7500D+01
   .7500D-07   .5000D+01   .0000D+00
   .1000D-06   .4000D+00   .2100D+01   .0000D+00
   .4000D-05   .1000D-03
 1.000 1.000   .1000D-09   .1000D-09
 1.000 1.000   .1000D-09   .3000D-06
 1.000 1.000   .1000D-09   .8000D-05
 1.000 1.000   .1000D-09   .1000D-05
 1.000 1.000   .1000D-03   .1000D-03
 1.000 1.000   .9000D-02   .9000D-02
 1.000 1.000   .1000D-09   .1200D-07
 1.000 1.000   .1000D-09   .1200D-07
 1.000 1.000   .1000D-05   .1000D-05
 1.000 1.000   .9000D-02   .9000D-02
 1.000 1.000   .1000D-09   .3000D-06
 1.000 1.000   .1000D-09   .1500D-04
    3    9
    3    3   .2000D-06
    3    4  -.2000D-06
    4    4   .2000D-06
    1    1   .6000D-08
    1   12  -.6000D-08
   12   12   .6000D-08
    3    3   .4000D-08
    3    4  -.4000D-08
    4    4   .4000D-08
    1    1   .8000D-09
    1    7   .4000D-09
    7    7   .2000D-09
    0  205   .3000D-09
   .1000D-02   .1000D-01   .3000D+00   .1450D+00   .4960D+02
   .1000D-02   .2000D-04   .3000D+00   .2000D-01   .2000D+01
 1.000  .000   .7872D-03   .6000D-01
 1.000  .000   .9447D-03   .8000D-01
 1.000  .000   .9447D-03   .8000D-01
 1.000  .000   .2362D-03   .4000D-01
 1.000  .000   .1574D-02   .6000D-01
 1.000  .000   .1574D-02   .6000D-01
 1.000  .000   .1102D-03   .4000D-01
 1.000  .000   .1102D-03   .4000D-01
 1.000  .000   .3149D-03   .4000D-01
 1.000  .000   .4723D-02   .8000D-01
 1.000  .000   .9447D-03   .8000D-01
 1.000  .000   .7872D-02   .4000D+01
   .6900D+01   .1200D+01   .4000D-03   .5000D-01  -.1000D+01
   .1450D+01   .4960D+03   .3200D-01   .7500D+01
   .8500D-06   .5000D+01   .0000D+00
   .0000D+00   .0000D+00   .0000D+00   .0000D+00
   .3000D-02   .2000D-02
 1.000 1.000   .2000D-04   .1000D-08
 1.000 1.000   .2000D-04   .1000D-04
 1.000 1.000   .2000D-05   .5000D-06
 1.000 1.000   .4000D-06   .1000D-06
 1.000 1.000   .1300D-02   .1300D-02
 1.000 1.000   .1500D+00   .1500D+00
 1.000 1.000   .2000D-08   .2000D-07
 1.000 1.000   .2000D-08   .2000D-07
 1.000 1.000   .1000D-05   .1000D-05
 1.000 1.000   .2000D-01   .2000D-01
 1.000 1.000   .4000D-05   .2000D-05
 1.000 1.000   .5000D-02   .5000D-02
    3    9
    1    1   .5000D-08
    1    3   .5000D-08
    3    3   .5000D-08
    1    1   .5100D-08
    1   12  -.5100D-08
   12   12   .5100D-08
    3    3   .5100D-09
    3    4  -.5100D-09
    4    4   .5100D-09
    1    1   .2000D-08
    1    7   .1000D-08
    7    7   .5000D-09
   .1250D+01   .5800D+00   .1800D-03   .1800D-01  -.1000D+01
   .1450D+04   .4960D+06   .4000D-01   .7500D+01
   .7500D-07   .5000D+01   .6000D-13
   .1000D-05   .4000D+00   .2100D+01   .1500D-07
   .4000D-05   .1000D-03
 1.000 1.000   .1000D-09   .1000D-09
 1.000 1.000   .1000D-09   .5000D-06
 1.000 1.000   .1000D-09   .1200D-04
 1.000 1.000   .1000D-09   .1800D-05
 1.000 1.000   .1000D-03   .1000D-03
 1.000 1.000   .9000D-02   .9000D-02
 1.000 1.000   .1000D-09   .1200D-07
 1.000 1.000   .1000D-09   .1200D-07
 1.000 1.000   .1000D-05   .1000D-05
 1.000 1.000   .9000D-02   .9000D-02
 1.000 1.000   .1000D-09   .3000D-06
 1.000 1.000   .1000D-09   .1500D-04
    0    6
    1    1   .6000D-08
    1   12  -.6000D-08
   12   12   .6000D-08
    1    1   .8000D-09
    1    7   .4000D-09
    7    7   .2000D-09
   .1500D+01   .1700D+00   .1200D-03   .1800D-01  -.1000D+01
   .1450D+04   .4960D+06   .4000D-01   .7500D+01
   .7500D-07   .5000D+01   .0000D+00
   .1000D-06   .4000D+00   .2100D+01   .0000D+00
   .4000D-05   .1000D-03
 1.000 1.000   .1000D-09   .1000D-09
 1.000 1.000   .1000D-09   .3000D-06
 1.000 1.000   .1000D-09   .8000D-05
 1.000 1.000   .1000D-09   .1000D-05
 1.000 1.000   .1000D-03   .1000D-03
 1.000 1.000   .9000D-02   .9000D-02
 1.000 1.000   .1000D-09   .1200D-07
 1.000 1.000   .1000D-09   .1200D-07
 1.000 1.000   .1000D-05   .1000D-05
 1.000 1.000   .9000D-02   .9000D-02
 1.000 1.000   .1000D-09   .3000D-06
 1.000 1.000   .1000D-09   .1500D-04
    3    9
    3    3   .2000D-06
    3    4  -.2000D-06
    4    4   .2000D-06
    1    1   .6000D-08
    1   12  -.6000D-08
   12   12   .6000D-08
    3    3   .4000D-08
    3    4  -.4000D-08
    4    4   .4000D-08
    1    1   .8000D-09
    1    7   .4000D-09
    7    7   .2000D-09
    0  205   .3000D-09
   .1000D-02   .1000D-01   .3000D+00   .1450D+00   .4960D+02
   .1000D-02   .2000D-04   .3000D+00   .2000D-01   .2000D+01
 1.000  .000   .6548D-03   .6000D-01
 1.000  .000   .7857D-03   .8000D-01
 1.000  .000   .7857D-03   .8000D-01
 1.000  .000   .1964D-03   .4000D-01
 1.000  .000   .1310D-02   .6000D-01
 1.000  .000   .1310D-02   .6000D-01
 1.000  .000   .9167D-04   .4000D-01
 1.000  .000   .9167D-04   .4000D-01
 1.000  .000   .2619D-03   .4000D-01
 1.000  .000   .3929D-02   .8000D-01
 1.000  .000   .7857D-03   .8000D-01
 1.000  .000   .6548D-02   .4000D+01
   .6900D+01   .1200D+01   .4000D-03   .5000D-01  -.1000D+01
   .1450D+01   .4960D+03   .3200D-01   .7500D+01
   .8500D-06   .5000D+01   .0000D+00
   .0000D+00   .0000D+00   .0000D+00   .0000D+00
   .3000D-02   .2000D-02
 1.000 1.000   .2000D-04   .1000D-08
 1.000 1.000   .2000D-04   .1000D-04
 1.000 1.000   .2000D-05   .5000D-06
 1.000 1.000   .4000D-06   .1000D-06
 1.000 1.000   .1300D-02   .1300D-02
 1.000 1.000   .1500D+00   .1500D+00
 1.000 1.000   .2000D-08   .2000D-07
 1.000 1.000   .2000D-08   .2000D-07
 1.000 1.000   .1000D-05   .1000D-05
 1.000 1.000   .2000D-01   .2000D-01
 1.000 1.000   .4000D-05   .2000D-05
 1.000 1.000   .5000D-02   .5000D-02
    3    9
    1    1   .5000D-08
    1    3   .5000D-08
    3    3   .5000D-08
    1    1   .5100D-08
    1   12  -.5100D-08
   12   12   .5100D-08
    3    3   .5100D-09
    3    4  -.5100D-09
    4    4   .5100D-09
    1    1   .2000D-08
    1    7   .1000D-08
    7    7   .5000D-09
   .1250D+01   .5800D+00   .1800D-03   .1800D-01  -.1000D+01
   .1450D+04   .4960D+06   .4000D-01   .7500D+01
   .7500D-07   .5000D+01   .6000D-13
   .1000D-05   .4000D+00   .2100D+01   .1500D-07
   .4000D-05   .1000D-03
 1.000 1.000   .1000D-09   .1000D-09
 1.000 1.000   .1000D-09   .5000D-06
 1.000 1.000   .1000D-09   .1200D-04
 1.000 1.000   .1000D-09   .1800D-05
 1.000 1.000   .1000D-03   .1000D-03
 1.000 1.000   .9000D-02   .9000D-02
 1.000 1.000   .1000D-09   .1200D-07
 1.000 1.000   .1000D-09   .1200D-07
 1.000 1.000   .1000D-05   .1000D-05
 1.000 1.000   .9000D-02   .9000D-02
 1.000 1.000   .1000D-09   .3000D-06
 1.000 1.000   .1000D-09   .1500D-04
    0    6
    1    1   .6000D-08
    1   12  -.6000D-08
   12   12   .6000D-08
    1    1   .8000D-09
    1    7   .4000D-09
    7    7   .2000D-09
   .1500D+01   .1700D+00   .1200D-03   .1800D-01  -.1000D+01
   .1450D+04   .4960D+06   .4000D-01   .7500D+01
   .7500D-07   .5000D+01   .0000D+00
   .1000D-06   .4000D+00   .2100D+01   .0000D+00
   .4000D-05   .1000D-03
 1.000 1.000   .1000D-09   .1000D-09
 1.000 1.000   .1000D-09   .3000D-06
 1.000 1.000   .1000D-09   .8000D-05
 1.000 1.000   .1000D-09   .1000D-05
 1.000 1.000   .1000D-03   .1000D-03
 1.000 1.000   .9000D-02   .9000D-02
 1.000 1.000   .1000D-09   .1200D-07
 1.000 1.000   .1000D-09   .1200D-07
 1.000 1.000   .1000D-05   .1000D-05
 1.000 1.000   .9000D-02   .9000D-02
 1.000 1.000   .1000D-09   .3000D-06
 1.000 1.000   .1000D-09   .1500D-04
    3    9
    3    3   .2000D-06
    3    4  -.2000D-06
    4    4   .2000D-06
    1    1   .6000D-08
    1   12  -.6000D-08
   12   12   .6000D-08
    3    3   .4000D-08
    3    4  -.4000D-08
    4    4   .4000D-08
    1    1   .8000D-09
    1    7   .4000D-09
    7    7   .2000D-09
    0  205   .3000D-09
   .1000D-02   .1000D-01   .3000D+00   .1450D+00   .4960D+02
   .1000D-02   .2000D-04   .3000D+00   .2000D-01   .2000D+01
 1.000  .000   .5446D-03   .6000D-01
 1.000  .000   .6535D-03   .8000D-01
 1.000  .000   .6535D-03   .8000D-01
 1.000  .000   .1634D-03   .4000D-01
 1.000  .000   .1089D-02   .6000D-01
 1.000  .000   .1089D-02   .6000D-01
 1.000  .000   .7625D-04   .4000D-01
 1.000  .000   .7625D-04   .4000D-01
 1.000  .000   .2178D-03   .4000D-01
 1.000  .000   .3268D-02   .8000D-01
 1.000  .000   .6535D-03   .8000D-01
 1.000  .000   .5446D-02   .4000D+01
   .6900D+01   .1200D+01   .4000D-03   .5000D-01  -.1000D+01
   .1450D+01   .4960D+03   .3200D-01   .7500D+01
   .8500D-06   .5000D+01   .0000D+00
   .0000D+00   .0000D+00   .0000D+00   .0000D+00
   .3000D-02   .2000D-02
 1.000 1.000   .2000D-04   .1000D-08
 1.000 1.000   .2000D-04   .1000D-04
 1.000 1.000   .2000D-05   .5000D-06
 1.000 1.000   .4000D-06   .1000D-06
 1.000 1.000   .1300D-02   .1300D-02
 1.000 1.000   .1500D+00   .1500D+00
 1.000 1.000   .2000D-08   .2000D-07
 1.000 1.000   .2000D-08   .2000D-07
 1.000 1.000   .1000D-05   .1000D-05
 1.000 1.000   .2000D-01   .2000D-01
 1.000 1.000   .4000D-05   .2000D-05
 1.000 1.000   .5000D-02   .5000D-02
    3    9
    1    1   .5000D-08
    1    3   .5000D-08
    3    3   .5000D-08
    1    1   .5100D-08
    1   12  -.5100D-08
   12   12   .5100D-08
    3    3   .5100D-09
    3    4  -.5100D-09
    4    4   .5100D-09
    1    1   .2000D-08
    1    7   .1000D-08
    7    7   .5000D-09
   .1250D+01   .5800D+00   .1800D-03   .1800D-01  -.1000D+01
   .1450D+04   .4960D+06   .4000D-01   .7500D+01
   .7500D-07   .5000D+01   .6000D-13
   .1000D-05   .4000D+00   .2100D+01   .1500D-07
   .4000D-05   .1000D-03
 1.000 1.000   .1000D-09   .1000D-09
 1.000 1.000   .1000D-09   .5000D-06
 1.000 1.000   .1000D-09   .1200D-04
 1.000 1.000   .1000D-09   .1800D-05
 1.000 1.000   .1000D-03   .1000D-03
 1.000 1.000   .9000D-02   .9000D-02
 1.000 1.000   .1000D-09   .1200D-07
 1.000 1.000   .1000D-09   .1200D-07
 1.000 1.000   .1000D-05   .1000D-05
 1.000 1.000   .9000D-02   .9000D-02
 1.000 1.000   .1000D-09   .3000D-06
 1.000 1.000   .1000D-09   .1500D-04
    0    6
    1    1   .6000D-08
    1   12  -.6000D-08
   12   12   .6000D-08
    1    1   .8000D-09
    1    7   .4000D-09
    7    7   .2000D-09
   .1500D+01   .1700D+00   .1200D-03   .1800D-01  -.1000D+01
   .1450D+04   .4960D+06   .4000D-01   .7500D+01
   .7500D-07   .5000D+01   .0000D+00
   .1000D-06   .4000D+00   .2100D+01   .0000D+00
   .4000D-05   .1000D-03
 1.000 1.000   .1000D-09   .1000D-09
 1.000 1.000   .1000D-09   .3000D-06
 1.000 1.000   .1000D-09   .8000D-05
 1.000 1.000   .1000D-09   .1000D-05
 1.000 1.000   .1000D-03   .1000D-03
 1.000 1.000   .9000D-02   .9000D-02
 1.000 1.000   .1000D-09   .1200D-07
 1.000 1.000   .1000D-09   .1200D-07
 1.000 1.000   .1000D-05   .1000D-05
 1.000 1.000   .9000D-02   .9000D-02
 1.000 1.000   .1000D-09   .3000D-06
 1.000 1.000   .1000D-09   .1500D-04
    3    9
    3    3   .2000D-06
    3    4  -.2000D-06
    4    4   .2000D-06
    1    1   .6000D-08
    1   12  -.6000D-08
   12   12   .6000D-08
    3    3   .4000D-08
    3    4  -.4000D-08
    4    4   .4000D-08
    1    1   .8000D-09
    1    7   .4000D-09
    7    7   .2000D-09
    0  205   .3000D-09
   .1000D-02   .1000D-01   .3000D+00   .1450D+00   .4960D+02
   .1000D-02   .2000D-04   .3000D+00   .2000D-01   .2000D+01
 1.000  .000   .4530D-03   .6000D-01
 1.000  .000   .5436D-03   .8000D-01
 1.000  .000   .5436D-03   .8000D-01
 1.000  .000   .1359D-03   .4000D-01
 1.000  .000   .9060D-03   .6000D-01
 1.000  .000   .9060D-03   .6000D-01
 1.000  .000   .6342D-04   .4000D-01
 1.000  .000   .6342D-04   .4000D-01
 1.000  .000   .1812D-03   .4000D-01
 1.000  .000   .2718D-02   .8000D-01
 1.000  .000   .5436D-03   .8000D-01
 1.000  .000   .4530D-02   .4000D+01
   .6900D+01   .1200D+01   .4000D-03   .5000D-01  -.1000D+01
   .1450D+01   .4960D+03   .3200D-01   .7500D+01
   .8500D-06   .5000D+01   .0000D+00
   .0000D+00   .0000D+00   .0000D+00   .0000D+00
   .3000D-02   .2000D-02
 1.000 1.000   .2000D-04   .1000D-08
 1.000 1.000   .2000D-04   .1000D-04
 1.000 1.000   .2000D-05   .5000D-06
 1.000 1.000   .4000D-06   .1000D-06
 1.000 1.000   .1300D-02   .1300D-02
 1.000 1.000   .1500D+00   .1500D+00
 1.000 1.000   .2000D-08   .2000D-07
 1.000 1.000   .2000D-08   .2000D-07
 1.000 1.000   .1000D-05   .1000D-05
 1.000 1.000   .2000D-01   .2000D-01
 1.000 1.000   .4000D-05   .2000D-05
 1.000 1.000   .5000D-02   .5000D-02
    3    9
    1    1   .5000D-08
    1    3   .5000D-08
    3    3   .5000D-08
    1    1   .5100D-08
    1   12  -.5100D-08
   12   12   .5100D-08
    3    3   .5100D-09
    3    4  -.5100D-09
    4    4   .5100D-09
    1    1   .2000D-08
    1    7   .1000D-08
    7    7   .5000D-09
   .1250D+01   .5800D+00   .1800D-03   .1800D-01  -.1000D+01
   .1450D+04   .4960D+06   .4000D-01   .7500D+01
   .7500D-07   .5000D+01   .6000D-13
   .1000D-05   .4000D+00   .2100D+01   .1500D-07
   .4000D-05   .1000D-03
 1.000 1.000   .1000D-09   .1000D-09
 1.000 1.000   .1000D-09   .5000D-06
 1.000 1.000   .1000D-09   .1200D-04
 1.000 1.000   .1000D-09   .1800D-05
 1.000 1.000   .1000D-03   .1000D-03
 1.000 1.000   .9000D-02   .9000D-02
 1.000 1.000   .1000D-09   .1200D-07
 1.000 1.000   .1000D-09   .1200D-07
 1.000 1.000   .1000D-05   .1000D-05
 1.000 1.000   .9000D-02   .9000D-02
 1.000 1.000   .1000D-09   .3000D-06
 1.000 1.000   .1000D-09   .1500D-04
    0    6
    1    1   .6000D-08
    1   12  -.6000D-08
   12   12   .6000D-08
    1    1   .8000D-09
    1    7   .4000D-09
    7    7   .2000D-09
   .1500D+01   .1700D+00   .1200D-03   .1800D-01  -.1000D+01
   .1450D+04   .4960D+06   .4000D-01   .7500D+01
   .7500D-07   .5000D+01   .0000D+00
   .1000D-06   .4000D+00   .2100D+01   .0000D+00
   .4000D-05   .1000D-03
 1.000 1.000   .1000D-09   .1000D-09
 1.000 1.000   .1000D-09   .3000D-06
 1.000 1.000   .1000D-09   .8000D-05
 1.000 1.000   .1000D-09   .1000D-05
 1.000 1.000   .1000D-03   .1000D-03
 1.000 1.000   .9000D-02   .9000D-02
 1.000 1.000   .1000D-09   .1200D-07
 1.000 1.000   .1000D-09   .1200D-07
 1.000 1.000   .1000D-05   .1000D-05
 1.000 1.000   .9000D-02   .9000D-02
 1.000 1.000   .1000D-09   .3000D-06
 1.000 1.000   .1000D-09   .1500D-04
    3    9
    3    3   .2000D-06
    3    4  -.2000D-06
    4    4   .2000D-06
    1    1   .6000D-08
    1   12  -.6000D-08
   12   12   .6000D-08
    3    3   .4000D-08
    3    4  -.4000D-08
    4    4   .4000D-08
    1    1   .8000D-09
    1    7   .4000D-09
    7    7   .2000D-09
    0  205   .3000D-09
   .1000D-02   .1000D-01   .3000D+00   .1450D+00   .4960D+02
   .1000D-02   .2000D-04   .3000D+00   .2000D-01   .2000D+01
 1.000  .000   .3768D-03   .6000D-01
 1.000  .000   .4521D-03   .8000D-01
 1.000  .000   .4521D-03   .8000D-01
 1.000  .000   .1130D-03   .4000D-01
 1.000  .000   .7536D-03   .6000D-01
 1.000  .000   .7536D-03   .6000D-01
 1.000  .000   .5275D-04   .4000D-01
 1.000  .000   .5275D-04   .4000D-01
 1.000  .000   .1507D-03   .4000D-01
 1.000  .000   .2261D-02   .8000D-01
 1.000  .000   .4521D-03   .8000D-01
 1.000  .000   .3768D-02   .4000D+01
   .6900D+01   .1200D+01   .4000D-03   .5000D-01  -.1000D+01
   .1450D+01   .4960D+03   .3200D-01   .7500D+01
   .8500D-06   .5000D+01   .0000D+00
   .0000D+00   .0000D+00   .0000D+00   .0000D+00
   .3000D-02   .2000D-02
 1.000 1.000   .2000D-04   .1000D-08
 1.000 1.000   .2000D-04   .1000D-04
 1.000 1.000   .2000D-05   .5000D-06
 1.000 1.000   .4000D-06   .1000D-06
 1.000 1.000   .1300D-02   .1300D-02
 1.000 1.000   .1500D+00   .1500D+00
 1.000 1.000   .2000D-08   .2000D-07
 1.000 1.000   .2000D-08   .2000D-07
 1.000 1.000   .1000D-05   .1000D-05
 1.000 1.000   .2000D-01   .2000D-01
 1.000 1.000   .4000D-05   .2000D-05
 1.000 1.000   .5000D-02   .5000D-02
    3    9
    1    1   .5000D-08
    1    3   .5000D-08
    3    3   .5000D-08
    1    1   .5100D-08
    1   12  -.5100D-08
   12   12   .5100D-08
    3    3   .5100D-09
    3    4  -.5100D-09
    4    4   .5100D-09
    1    1   .2000D-08
    1    7   .1000D-08
    7    7   .5000D-09
   .1250D+01   .5800D+00   .1800D-03   .1800D-01  -.1000D+01
   .1450D+04   .4960D+06   .4000D-01   .7500D+01
   .7500D-07   .5000D+01   .6000D-13
   .1000D-05   .4000D+00   .2100D+01   .1500D-07
   .4000D-05   .1000D-03
 1.000 1.000   .1000D-09   .1000D-09
 1.000 1.000   .1000D-09   .5000D-06
 1.000 1.000   .1000D-09   .1200D-04
 1.000 1.000   .1000D-09   .1800D-05
 1.000 1.000   .1000D-03   .1000D-03
 1.000 1.000   .9000D-02   .9000D-02
 1.000 1.000   .1000D-09   .1200D-07
 1.000 1.000   .1000D-09   .1200D-07
 1.000 1.000   .1000D-05   .1000D-05
 1.000 1.000   .9000D-02   .9000D-02
 1.000 1.000   .1000D-09   .3000D-06
 1.000 1.000   .1000D-09   .1500D-04
    0    6
    1    1   .6000D-08
    1   12  -.6000D-08
   12   12   .6000D-08
    1    1   .8000D-09
    1    7   .4000D-09
    7    7   .2000D-09
   .1500D+01   .1700D+00   .1200D-03   .1800D-01  -.1000D+01
   .1450D+04   .4960D+06   .4000D-01   .7500D+01
   .7500D-07   .5000D+01   .0000D+00
   .1000D-06   .4000D+00   .2100D+01   .0000D+00
   .4000D-05   .1000D-03
 1.000 1.000   .1000D-09   .1000D-09
 1.000 1.000   .1000D-09   .3000D-06
 1.000 1.000   .1000D-09   .8000D-05
 1.000 1.000   .1000D-09   .1000D-05
 1.000 1.000   .1000D-03   .1000D-03
 1.000 1.000   .9000D-02   .9000D-02
 1.000 1.000   .1000D-09   .1200D-07
 1.000 1.000   .1000D-09   .1200D-07
 1.000 1.000   .1000D-05   .1000D-05
 1.000 1.000   .9000D-02   .9000D-02
 1.000 1.000   .1000D-09   .3000D-06
 1.000 1.000   .1000D-09   .1500D-04
    3    9
    3    3   .2000D-06
    3    4  -.2000D-06
    4    4   .2000D-06
    1    1   .6000D-08
    1   12  -.6000D-08
   12   12   .6000D-08
    3    3   .4000D-08
    3    4  -.4000D-08
    4    4   .4000D-08
    1    1   .8000D-09
    1    7   .4000D-09
    7    7   .2000D-09
    0  205   .3000D-09
   .1000D-02   .1000D-01   .3000D+00   .1450D+00   .4960D+02
   .1000D-02   .2000D-04   .3000D+00   .2000D-01   .2000D+01
 1.000  .000   .3134D-03   .6000D-01
 1.000  .000   .3761D-03   .8000D-01
 1.000  .000   .3761D-03   .8000D-01
 1.000  .000   .9402D-04   .4000D-01
 1.000  .000   .6268D-03   .6000D-01
 1.000  .000   .6268D-03   .6000D-01
 1.000  .000   .4388D-04   .4000D-01
 1.000  .000   .4388D-04   .4000D-01
 1.000  .000   .1254D-03   .4000D-01
 1.000  .000   .1880D-02   .8000D-01
 1.000  .000   .3761D-03   .8000D-01
 1.000  .000   .3134D-02   .4000D+01
   .6900D+01   .1200D+01   .4000D-03   .5000D-01  -.1000D+01
   .1450D+01   .4960D+03   .3200D-01   .7500D+01
   .8500D-06   .5000D+01   .0000D+00
   .0000D+00   .0000D+00   .0000D+00   .0000D+00
   .3000D-02   .2000D-02
 1.000 1.000   .2000D-04   .1000D-08
 1.000 1.000   .2000D-04   .1000D-04
 1.000 1.000   .2000D-05   .5000D-06
 1.000 1.000   .4000D-06   .1000D-06
 1.000 1.000   .1300D-02   .1300D-02
 1.000 1.000   .1500D+00   .1500D+00
 1.000 1.000   .2000D-08   .2000D-07
 1.000 1.000   .2000D-08   .2000D-07
 1.000 1.000   .1000D-05   .1000D-05
 1.000 1.000   .2000D-01   .2000D-01
 1.000 1.000   .4000D-05   .2000D-05
 1.000 1.000   .5000D-02   .5000D-02
    3    9
    1    1   .5000D-08
    1    3   .5000D-08
    3    3   .5000D-08
    1    1   .5100D-08
    1   12  -.5100D-08
   12   12   .5100D-08
    3    3   .5100D-09
    3    4  -.5100D-09
    4    4   .5100D-09
    1    1   .2000D-08
    1    7   .1000D-08
    7    7   .5000D-09
   .1250D+01   .5800D+00   .1800D-03   .1800D-01  -.1000D+01
   .1450D+04   .4960D+06   .4000D-01   .7500D+01
   .7500D-07   .5000D+01   .6000D-13
   .1000D-05   .4000D+00   .2100D+01   .1500D-07
   .4000D-05   .1000D-03
 1.000 1.000   .1000D-09   .1000D-09
 1.000 1.000   .1000D-09   .5000D-06
 1.000 1.000   .1000D-09   .1200D-04
 1.000 1.000   .1000D-09   .1800D-05
 1.000 1.000   .1000D-03   .1000D-03
 1.000 1.000   .9000D-02   .9000D-02
 1.000 1.000   .1000D-09   .1200D-07
 1.000 1.000   .1000D-09   .1200D-07
 1.000 1.000   .1000D-05   .1000D-05
 1.000 1.000   .9000D-02   .9000D-02
 1.000 1.000   .1000D-09   .3000D-06
 1.000 1.000   .1000D-09   .1500D-04
    0    6
    1    1   .6000D-08
    1   12  -.6000D-08
   12   12   .6000D-08
    1    1   .8000D-09
    1    7   .4000D-09
    7    7   .2000D-09
   .1500D+01   .1700D+00   .1200D-03   .1800D-01  -.1000D+01
   .1450D+04   .4960D+06   .4000D-01   .7500D+01
   .7500D-07   .5000D+01   .0000D+00
   .1000D-06   .4000D+00   .2100D+01   .0000D+00
   .4000D-05   .1000D-03
 1.000 1.000   .1000D-09   .1000D-09
 1.000 1.000   .1000D-09   .3000D-06
 1.000 1.000   .1000D-09   .8000D-05
 1.000 1.000   .1000D-09   .1000D-05
 1.000 1.000   .1000D-03   .1000D-03
 1.000 1.000   .9000D-02   .9000D-02
 1.000 1.000   .1000D-09   .1200D-07
 1.000 1.000   .1000D-09   .1200D-07
 1.000 1.000   .1000D-05   .1000D-05
 1.000 1.000   .9000D-02   .9000D-02
 1.000 1.000   .1000D-09   .3000D-06
 1.000 1.000   .1000D-09   .1500D-04
    3    9
    3    3   .2000D-06
    3    4  -.2000D-06
    4    4   .2000D-06
    1    1   .6000D-08
    1   12  -.6000D-08
   12   12   .6000D-08
    3    3   .4000D-08
    3    4  -.4000D-08
    4    4   .4000D-08
    1    1   .8000D-09
    1    7   .4000D-09
    7    7   .2000D-09
    0  205   .3000D-09
   .1000D-02   .1000D-01   .3000D+00   .1450D+00   .4960D+02
   .1000D-02   .2000D-04   .3000D+00   .2000D-01   .2000D+01
 1.000  .000   .2607D-03   .6000D-01
 1.000  .000   .3128D-03   .8000D-01
 1.000  .000   .3128D-03   .8000D-01
 1.000  .000   .7820D-04   .4000D-01
 1.000  .000   .5213D-03   .6000D-01
 1.000  .000   .5213D-03   .6000D-01
 1.000  .000   .3649D-04   .4000D-01
 1.000  .000   .3649D-04   .4000D-01
 1.000  .000   .1043D-03   .4000D-01
 1.000  .000   .1564D-02   .8000D-01
 1.000  .000   .3128D-03   .8000D-01
 1.000  .000   .2607D-02   .4000D+01
   .6900D+01   .1200D+01   .4000D-03   .5000D-01  -.1000D+01
   .1450D+01   .4960D+03   .3200D-01   .7500D+01
   .8500D-06   .5000D+01   .0000D+00
   .0000D+00   .0000D+00   .0000D+00   .0000D+00
   .3000D-02   .2000D-02
 1.000 1.000   .2000D-04   .1000D-08
 1.000 1.000   .2000D-04   .1000D-04
 1.000 1.000   .2000D-05   .5000D-06
 1.000 1.000   .4000D-06   .1000D-06
 1.000 1.000   .1300D-02   .1300D-02
 1.000 1.000   .1500D+00   .1500D+00
 1.000 1.000   .2000D-08   .2000D-07
 1.000 1.000   .2000D-08   .2000D-07
 1.000 1.000   .1000D-05   .1000D-05
 1.000 1.000   .2000D-01   .2000D-01
 1.000 1.000   .4000D-05   .2000D-05
 1.000 1.000   .5000D-02   .5000D-02
    3    9
    1    1   .5000D-08
    1    3   .5000D-08
    3    3   .5000D-08
    1    1   .5100D-08
    1   12  -.5100D-08
   12   12   .5100D-08
    3    3   .5100D-09
    3    4  -.5100D-09
    4    4   .5100D-09
    1    1   .2000D-08
    1    7   .1000D-08
    7    7   .5000D-09
   .1250D+01   .5800D+00   .1800D-03   .1800D-01  -.1000D+01
   .1450D+04   .4960D+06   .4000D-01   .7500D+01
   .7500D-07   .5000D+01   .6000D-13
   .1000D-05   .4000D+00   .2100D+01   .1500D-07
   .4000D-05   .1000D-03
 1.000 1.000   .1000D-09   .1000D-09
 1.000 1.000   .1000D-09   .5000D-06
 1.000 1.000   .1000D-09   .1200D-04
 1.000 1.000   .1000D-09   .1800D-05
 1.000 1.000   .1000D-03   .1000D-03
 1.000 1.000   .9000D-02   .9000D-02
 1.000 1.000   .1000D-09   .1200D-07
 1.000 1.000   .1000D-09   .1200D-07
 1.000 1.000   .1000D-05   .1000D-05
 1.000 1.000   .9000D-02   .9000D-02
 1.000 1.000   .1000D-09   .3000D-06
 1.000 1.000   .1000D-09   .1500D-04
    0    6
    1    1   .6000D-08
    1   12  -.6000D-08
   12   12   .6000D-08
    1    1   .8000D-09
    1    7   .4000D-09
    7    7   .2000D-09
   .1500D+01   .1700D+00   .1200D-03   .1800D-01  -.1000D+01
   .1450D+04   .4960D+06   .4000D-01   .7500D+01
   .7500D-07   .5000D+01   .0000D+00
   .1000D-06   .4000D+00   .2100D+01   .0000D+00
   .4000D-05   .1000D-03
 1.000 1.000   .1000D-09   .1000D-09
 1.000 1.000   .1000D-09   .3000D-06
 1.000 1.000   .1000D-09   .8000D-05
 1.000 1.000   .1000D-09   .1000D-05
 1.000 1.000   .1000D-03   .1000D-03
 1.000 1.000   .9000D-02   .9000D-02
 1.000 1.000   .1000D-09   .1200D-07
 1.000 1.000   .1000D-09   .1200D-07
 1.000 1.000   .1000D-05   .1000D-05
 1.000 1.000   .9000D-02   .9000D-02
 1.000 1.000   .1000D-09   .3000D-06
 1.000 1.000   .1000D-09   .1500D-04
    3    9
    3    3   .2000D-06
    3    4  -.2000D-06
    4    4   .2000D-06
    1    1   .6000D-08
    1   12  -.6000D-08
   12   12   .6000D-08
    3    3   .4000D-08
    3    4  -.4000D-08
    4    4   .4000D-08
    1    1   .8000D-09
    1    7   .4000D-09
    7    7   .2000D-09
    0  205   .3000D-09
   .1000D-02   .1000D-01   .3000D+00   .1450D+00   .4960D+02
   .1000D-02   .2000D-04   .3000D+00   .2000D-01   .2000D+01
 1.000  .000   .2168D-03   .6000D-01
 1.000  .000   .2602D-03   .8000D-01
 1.000  .000   .2602D-03   .8000D-01
 1.000  .000   .6504D-04   .4000D-01
 1.000  .000   .4336D-03   .6000D-01
 1.000  .000   .4336D-03   .6000D-01
 1.000  .000   .3035D-04   .4000D-01
 1.000  .000   .3035D-04   .4000D-01
 1.000  .000   .8673D-04   .4000D-01
 1.000  .000   .1301D-02   .8000D-01
 1.000  .000   .2602D-03   .8000D-01
 1.000  .000   .2168D-02   .4000D+01
   .6900D+01   .1200D+01   .4000D-03   .5000D-01  -.1000D+01
   .1450D+01   .4960D+03   .3200D-01   .7500D+01
   .8500D-06   .5000D+01   .0000D+00
   .0000D+00   .0000D+00   .0000D+00   .0000D+00
   .3000D-02   .2000D-02
 1.000 1.000   .2000D-04   .1000D-08
 1.000 1.000   .2000D-04   .1000D-04
 1.000 1.000   .2000D-05   .5000D-06
 1.000 1.000   .4000D-06   .1000D-06
 1.000 1.000   .1300D-02   .1300D-02
 1.000 1.000   .1500D+00   .1500D+00
 1.000 1.000   .2000D-08   .2000D-07
 1.000 1.000   .2000D-08   .2000D-07
 1.000 1.000   .1000D-05   .1000D-05
 1.000 1.000   .2000D-01   .2000D-01
 1.000 1.000   .4000D-05   .2000D-05
 1.000 1.000   .5000D-02   .5000D-02
    3    9
    1    1   .5000D-08
    1    3   .5000D-08
    3    3   .5000D-08
    1    1   .5100D-08
    1   12  -.5100D-08
   12   12   .5100D-08
    3    3   .5100D-09
    3    4  -.5100D-09
    4    4   .5100D-09
    1    1   .2000D-08
    1    7   .1000D-08
    7    7   .5000D-09
   .1250D+01   .5800D+00   .1800D-03   .1800D-01  -.1000D+01
   .1450D+04   .4960D+06   .4000D-01   .7500D+01
   .7500D-07   .5000D+01   .6000D-13
   .1000D-05   .4000D+00   .2100D+01   .1500D-07
   .4000D-05   .1000D-03
 1.000 1.000   .1000D-09   .1000D-09
 1.000 1.000   .1000D-09   .5000D-06
 1.000 1.000   .1000D-09   .1200D-04
 1.000 1.000   .1000D-09   .1800D-05
 1.000 1.000   .1000D-03   .1000D-03
 1.000 1.000   .9000D-02   .9000D-02
 1.000 1.000   .1000D-09   .1200D-07
 1.000 1.000   .1000D-09   .1200D-07
 1.000 1.000   .1000D-05   .1000D-05
 1.000 1.000   .9000D-02   .9000D-02
 1.000 1.000   .1000D-09   .3000D-06
 1.000 1.000   .1000D-09   .1500D-04
    0    6
    1    1   .6000D-08
    1   12  -.6000D-08
   12   12   .6000D-08
    1    1   .8000D-09
    1    7   .4000D-09
    7    7   .2000D-09
   .1500D+01   .1700D+00   .1200D-03   .1800D-01  -.1000D+01
   .1450D+04   .4960D+06   .4000D-01   .7500D+01
   .7500D-07   .5000D+01   .0000D+00
   .1000D-06   .4000D+00   .2100D+01   .0000D+00
   .4000D-05   .1000D-03
 1.000 1.000   .1000D-09   .1000D-09
 1.000 1.000   .1000D-09   .3000D-06
 1.000 1.000   .1000D-09   .8000D-05
 1.000 1.000   .1000D-09   .1000D-05
 1.000 1.000   .1000D-03   .1000D-03
 1.000 1.000   .9000D-02   .9000D-02
 1.000 1.000   .1000D-09   .1200D-07
 1.000 1.000   .1000D-09   .1200D-07
 1.000 1.000   .1000D-05   .1000D-05
 1.000 1.000   .9000D-02   .9000D-02
 1.000 1.000   .1000D-09   .3000D-06
 1.000 1.000   .1000D-09   .1500D-04
    3    9
    3    3   .2000D-06
    3    4  -.2000D-06
    4    4   .2000D-06
    1    1   .6000D-08
    1   12  -.6000D-08
   12   12   .6000D-08
    3    3   .4000D-08
    3    4  -.4000D-08
    4    4   .4000D-08
    1    1   .8000D-09
    1    7   .4000D-09
    7    7   .2000D-09
    0  205   .3000D-09
   .1000D-02   .1000D-01   .3000D+00   .1450D+00   .4960D+02
   .1000D-02   .2000D-04   .3000D+00   .2000D-01   .2000D+01
 1.000  .000   .1803D-03   .6000D-01
 1.000  .000   .2164D-03   .8000D-01
 1.000  .000   .2164D-03   .8000D-01
 1.000  .000   .5410D-04   .4000D-01
 1.000  .000   .3607D-03   .6000D-01
 1.000  .000   .3607D-03   .6000D-01
 1.000  .000   .2525D-04   .4000D-01
 1.000  .000   .2525D-04   .4000D-01
 1.000  .000   .7214D-04   .4000D-01
 1.000  .000   .1082D-02   .8000D-01
 1.000  .000   .2164D-03   .8000D-01
 1.000  .000   .1803D-02   .4000D+01
   .6900D+01   .1200D+01   .4000D-03   .5000D-01  -.1000D+01
   .1450D+01   .4960D+03   .3200D-01   .7500D+01
   .8500D-06   .5000D+01   .0000D+00
   .0000D+00   .0000D+00   .0000D+00   .0000D+00
   .3000D-02   .2000D-02
 1.000 1.000   .2000D-04   .1000D-08
 1.000 1.000   .2000D-04   .1000D-04
 1.000 1.000   .2000D-05   .5000D-06
 1.000 1.000   .4000D-06   .1000D-06
 1.000 1.000   .1300D-02   .1300D-02
 1.000 1.000   .1500D+00   .1500D+00
 1.000 1.000   .2000D-08   .2000D-07
 1.000 1.000   .2000D-08   .2000D-07
 1.000 1.000   .1000D-05   .1000D-05
 1.000 1.000   .2000D-01   .2000D-01
 1.000 1.000   .4000D-05   .2000D-05
 1.000 1.000   .5000D-02   .5000D-02
    3    9
    1    1   .5000D-08
    1    3   .5000D-08
    3    3   .5000D-08
    1    1   .5100D-08
    1   12  -.5100D-08
   12   12   .5100D-08
    3    3   .5100D-09
    3    4  -.5100D-09
    4    4   .5100D-09
    1    1   .2000D-08
    1    7   .1000D-08
    7    7   .5000D-09
   .1250D+01   .5800D+00   .1800D-03   .1800D-01  -.1000D+01
   .1450D+04   .4960D+06   .4000D-01   .7500D+01
   .7500D-07   .5000D+01   .6000D-13
   .1000D-05   .4000D+00   .2100D+01   .1500D-07
   .4000D-05   .1000D-03
 1.000 1.000   .1000D-09   .1000D-09
 1.000 1.000   .1000D-09   .5000D-06
 1.000 1.000   .1000D-09   .1200D-04
 1.000 1.000   .1000D-09   .1800D-05
 1.000 1.000   .1000D-03   .1000D-03
 1.000 1.000   .9000D-02   .9000D-02
 1.000 1.000   .1000D-09   .1200D-07
 1.000 1.000   .1000D-09   .1200D-07
 1.000 1.000   .1000D-05   .1000D-05
 1.000 1.000   .9000D-02   .9000D-02
 1.000 1.000   .1000D-09   .3000D-06
 1.000 1.000   .1000D-09   .1500D-04
    0    6
    1    1   .6000D-08
    1   12  -.6000D-08
   12   12   .6000D-08
    1    1   .8000D-09
    1    7   .4000D-09
    7    7   .2000D-09
   .1500D+01   .1700D+00   .1200D-03   .1800D-01  -.1000D+01
   .1450D+04   .4960D+06   .4000D-01   .7500D+01
   .7500D-07   .5000D+01   .0000D+00
   .1000D-06   .4000D+00   .2100D+01   .0000D+00
   .4000D-05   .1000D-03
 1.000 1.000   .1000D-09   .1000D-09
 1.000 1.000   .1000D-09   .3000D-06
 1.000 1.000   .1000D-09   .8000D-05
 1.000 1.000   .1000D-09   .1000D-05
 1.000 1.000   .1000D-03   .1000D-03
 1.000 1.000   .9000D-02   .9000D-02
 1.000 1.000   .1000D-09   .1200D-07
 1.000 1.000   .1000D-09   .1200D-07
 1.000 1.000   .1000D-05   .1000D-05
 1.000 1.000   .9000D-02   .9000D-02
 1.000 1.000   .1000D-09   .3000D-06
 1.000 1.000   .1000D-09   .1500D-04
    3    9
    3    3   .2000D-06
    3    4  -.2000D-06
    4    4   .2000D-06
    1    1   .6000D-08
    1   12  -.6000D-08
   12   12   .6000D-08
    3    3   .4000D-08
    3    4  -.4000D-08
    4    4   .4000D-08
    1    1   .8000D-09
    1    7   .4000D-09
    7    7   .2000D-09
    0  205   .3000D-09
   .1000D-02   .1000D-01   .3000D+00   .1450D+00   .4960D+02
   .1000D-02   .2000D-04   .3000D+00   .2000D-01   .2000D+01
 1.000  .000   .1500D-03   .6000D-01
 1.000  .000   .1800D-03   .8000D-01
 1.000  .000   .1800D-03   .8000D-01
 1.000  .000   .4500D-04   .4000D-01
 1.000  .000   .3000D-03   .6000D-01
 1.000  .000   .3000D-03   .6000D-01
 1.000  .000   .2100D-04   .4000D-01
 1.000  .000   .2100D-04   .4000D-01
 1.000  .000   .6000D-04   .4000D-01
 1.000  .000   .9000D-03   .8000D-01
 1.000  .000   .1800D-03   .8000D-01
 1.000  .000   .1500D-02   .4000D+01
   .6900D+01   .1200D+01   .4000D-03   .5000D-01  -.1000D+01
   .1450D+01   .4960D+03   .3200D-01   .7500D+01
   .8500D-06   .5000D+01   .0000D+00
   .0000D+00   .0000D+00   .0000D+00   .0000D+00
   .3000D-02   .2000D-02
 1.000 1.000   .2000D-04   .1000D-08
 1.000 1.000   .2000D-04   .1000D-04
 1.000 1.000   .2000D-05   .5000D-06
 1.000 1.000   .4000D-06   .1000D-06
 1.000 1.000   .1300D-02   .1300D-02
 1.000 1.000   .1500D+00   .1500D+00
 1.000 1.000   .2000D-08   .2000D-07
 1.000 1.000   .2000D-08   .2000D-07
 1.000 1.000   .1000D-05   .1000D-05
 1.000 1.000   .2000D-01   .2000D-01
 1.000 1.000   .4000D-05   .2000D-05
 1.000 1.000   .5000D-02   .5000D-02
    3    9
    1    1   .5000D-08
    1    3   .5000D-08
    3    3   .5000D-08
    1    1   .5100D-08
    1   12  -.5100D-08
   12   12   .5100D-08
    3    3   .5100D-09
    3    4  -.5100D-09
    4    4   .5100D-09
    1    1   .2000D-08
    1    7   .1000D-08
    7    7   .5000D-09
   .1250D+01   .5800D+00   .1800D-03   .1800D-01  -.1000D+01
   .1450D+04   .4960D+06   .4000D-01   .7500D+01
   .7500D-07   .5000D+01   .6000D-13
   .1000D-05   .4000D+00   .2100D+01   .1500D-07
   .4000D-05   .1000D-03
 1.000 1.000   .1000D-09   .1000D-09
 1.000 1.000   .1000D-09   .5000D-06
 1.000 1.000   .1000D-09   .1200D-04
 1.000 1.000   .1000D-09   .1800D-05
 1.000 1.000   .1000D-03   .1000D-03
 1.000 1.000   .9000D-02   .9000D-02
 1.000 1.000   .1000D-09   .1200D-07
 1.000 1.000   .1000D-09   .1200D-07
 1.000 1.000   .1000D-05   .1000D-05
 1.000 1.000   .9000D-02   .9000D-02
 1.000 1.000   .1000D-09   .3000D-06
 1.000 1.000   .1000D-09   .1500D-04
    0    6
    1    1   .6000D-08
    1   12  -.6000D-08
   12   12   .6000D-08
    1    1   .8000D-09
    1    7   .4000D-09
    7    7   .2000D-09
   .1500D+01   .1700D+00   .1200D-03   .1800D-01  -.1000D+01
   .1450D+04   .4960D+06   .4000D-01   .7500D+01
   .7500D-07   .5000D+01   .0000D+00
   .1000D-06   .4000D+00   .2100D+01   .0000D+00
   .4000D-05   .1000D-03
 1.000 1.000   .1000D-09   .1000D-09
 1.000 1.000   .1000D-09   .3000D-06
 1.000 1.000   .1000D-09   .8000D-05
 1.000 1.000   .1000D-09   .1000D-05
 1.000 1.000   .1000D-03   .1000D-03
 1.000 1.000   .9000D-02   .9000D-02
 1.000 1.000   .1000D-09   .1200D-07
 1.000 1.000   .1000D-09   .1200D-07
 1.000 1.000   .1000D-05   .1000D-05
 1.000 1.000   .9000D-02   .9000D-02
 1.000 1.000   .1000D-09   .3000D-06
 1.000 1.000   .1000D-09   .1500D-04
    3    9
    3    3   .2000D-06
    3    4  -.2000D-06
    4    4   .2000D-06
    1    1   .6000D-08
    1   12  -.6000D-08
   12   12   .6000D-08
    3    3   .4000D-08
    3    4  -.4000D-08
    4    4   .4000D-08
    1    1   .8000D-09
    1    7   .4000D-09
    7    7   .2000D-09
