    -.18156764905195288000D+00
     .15610060717571356000D+01
     .25854285507208213000D+00
     .10114040526843318000D-01
     .24533025110728648000D+00
     .22003110028028811000D-01
     .29597777645028249000D+01
     .14968723566819220000D-02
     .41160907084192080000D-02
     .94028603016428364000D-03
     .23798055717649935000D+00
     .15347356626230245000D+03
     .78488967778522802000D+01
     .36205540284690492000D+02
    -.70228538597836447000D+02
     .13335206432836441000D+00
     .26876593839501701000D-01
     .14696279586418120000D+00
     .52791647158033319000D-01
     .15358038717738281000D-01
     .42683098987034222000D+01
     .14970080497108747000D-02
     .26080050728221674000D-01
     .12309165671056184000D-01
     .27806083381961649000D+00
     .17307754273310203000D+03
     .18287776512280430000D+02
     .74803201404276308000D+02
    -.13113740311841516000D+02
     .00000000000000000000D+00
     .11000000000000000000D+00
     .10000000000000000000D-01
     .11068142100000000000D+00
     .30000000000000000000D+01
     .44119999999999981000D+01
     .15000000000000000000D-02
     .34025110000000000000D+01
     .84974890000000004000D-02
     .29999999999999998000D+00
     .16069000000000002000D+02
     .89839310000000001000D+01
     .39583505183085196000D+03
     .39999999999999982000D+03
     .00000000000000000000D+00
