    0.10223018702696226589D+00
    0.94325771610283091206D+01
    0.18072571786028379659D+00
    0.16230158570678717561D-01
    0.16958487770115737714D+00
    0.26644579900208065909D-01
    0.12512516094774298381D+02
    0.42798461644353597705D-02
    0.84918941876314620650D-03
    0.67724087027423523176D-03
    0.87526740516449472174D-02
    0.92364442462609588347D+01
    0.16490744814731308487D+01
    0.12639673034714495259D+03
   -0.57537367632757757008D+02
    0.86783889183549511870D-01
    0.14697330289209968243D-01
    0.18911866068939053864D+00
    0.56023315723352659634D-01
    0.30831257840441543550D-01
    0.12508993845181642257D+02
    0.42798302637395094911D-02
    0.74786657946102775424D-02
    0.51529451375604126348D-02
    0.10209243199349385747D-01
    0.14801101728397405566D+02
    0.22830996347583072392D+01
    0.10920215340225621503D+03
    0.47407821843741393408D+01
    0.89272583164722849602D+01
    0.17483797682953655661D+00
    0.16705624611710736399D-01
    0.17461703120351668161D+00
    0.16008186778978642645D-01
    0.12337168576806742948D+02
    0.42672784286929971165D-02
    0.82983588222101793176D-03
    0.10860900173749609039D-02
    0.19051940223232789740D-01
    0.62359903378828001053D+01
    0.18271679765035342413D+01
    0.20743088626349211268D+03
    0.16311796223270022543D+00
    0.44906550889433269096D-06
