   -0.22645893063317953367D-03
    0.22052300622508706596D+02
    0.14358343873364351473D+00
    0.76968022643248900846D-02
    0.12809409062657853284D+00
    0.22403955686465946290D-01
    0.90725610506530784960D+01
    0.21004427121262560750D-02
    0.84088679719102727393D-03
    0.57828640889242307992D-03
    0.68388749456519126735D-02
    0.95983801592086184229D+01
    0.14777563236805093538D+01
    0.10899467006578331052D+03
   -0.64342790169721823190D+02
    0.37805474586741949494D+00
    0.88001451763795122268D-02
    0.15515851037391914513D+00
    0.18691888782040564504D-01
    0.24650040756947877441D-01
    0.67135858307084257390D+01
    0.20854649552888991811D-02
    0.23757258628575979309D-01
    0.10988375374451526956D-01
    0.97157149815970157702D-02
    0.95830733270708776672D+01
    0.99229636501312490360D+00
    0.73305569261588388486D+02
   -0.24156697221111411267D+02
    0.16983924437187206125D+00
    0.13935290726356512614D-01
    0.15465037709967910384D+00
    0.52772601812230299223D-01
    0.28558758995310580542D-01
    0.60397236319448452946D+01
    0.20664346625544225897D-02
    0.22765385308764232025D-01
    0.81762280773999412853D-02
    0.12204599411035001177D-01
    0.83297709823424845865D+01
    0.66974654419898549396D+00
    0.56921692090840913636D+02
   -0.29960210728551789572D+02
    0.55120864647716781570D-01
    0.16839918608028980190D-01
    0.15241989435443897838D+00
    0.49201674242202494969D-01
    0.17461050012872555981D-01
    0.60701986484834176139D+01
    0.20786313990021846460D-02
    0.16457443094066204897D-01
    0.97161713894356321886D-02
    0.88987862213897785807D-02
    0.92059878435079198766D+01
    0.12167535717367456982D+01
    0.93569134894542742131D+02
   -0.28062650991385567067D+02
    0.63988213675054472773D+01
    0.40402899489600185845D-01
    0.50370371522469828407D-01
    0.81763632384640669293D-01
    0.49121812450121510318D-02
    0.46237659159655947860D+02
    0.15077246409750952663D-02
    0.42636513552743422013D-03
    0.68155890851166371983D-02
    0.28826544973532486349D-01
    0.99710935743296780220D+00
    0.35683211480947285565D+01
    0.25335035863440180037D+04
    0.22215673954813050517D+00
    0.14422126537978158698D-05
