   -0.58823671912598206000D-01
   -0.13628765228240009000D+02
    0.13837532423708040000D+00
    0.49569953549611607000D-02
    0.11672415501528798000D+00
    0.23545672427240361000D-01
    0.76390979657602198000D+01
    0.14949212096230634000D-02
    0.15871935610062438000D-02
    0.87450265489698265000D-03
    0.47756616276868040000D-02
    0.79961862822530367000D+01
    0.98631030391348462000D+00
    0.87323482773694991000D+02
   -0.72556179499572706000D+02
    0.40944831199152764000D+00
    0.88349837700440816000D-02
    0.15187637957388394000D+00
    0.15469340538136084000D-01
    0.22470829340944555000D-01
    0.43752662706430589000D+01
    0.14965701571070212000D-02
    0.26949333526486700000D-01
    0.89111483533236713000D-02
    0.76393033341660802000D-02
    0.87734236873949686000D+01
    0.64946264255290431000D+00
    0.52406535937645237000D+02
   -0.29842251362808159000D+02
    0.12887732118957601000D+00
    0.16181932764320481000D-01
    0.14941148337634285000D+00
    0.39127894681199017000D-01
    0.24312588071358578000D-01
    0.43626170545109967000D+01
    0.14929066519437294000D-02
    0.24067036988421709000D-01
    0.73339641689757657000D-02
    0.10116769291846284000D-01
    0.82224931372941831000D+01
    0.56094348182161435000D+00
    0.48296534325716969000D+02
   -0.32997093548937769000D+02
    0.61410550488967083000D-01
    0.17893146036321829000D-01
    0.14703873749805465000D+00
    0.40850733584774402000D-01
    0.16740278288508710000D-01
    0.43344571777655307000D+01
    0.14847874359431312000D-02
    0.19910022332046004000D-01
    0.87547560284232245000D-02
    0.68261224691468294000D-02
    0.81650760747908854000D+01
    0.80377031751165006000D+00
    0.69690264058375632000D+02
   -0.32182039150364296000D+02
    0.69015235936837591000D+01
    0.72008998189154224000D-01
    0.35571890567318589000D-01
    0.82671224752725841000D-01
    0.62492766378555780000D-02
    0.43253112545075438000D+02
    0.15026199650683951000D-02
    0.17105487762490493000D-02
    0.20105891531592198000D-01
    0.26744546480588000000D-01
    0.18487780507327098000D+01
    0.48648793807848962000D+01
    0.18628920183019229000D+04
    0.12166144813810997000D+04
    0.00000000000000000000D+00
