     .17053425352459489000D+00
    -.39309965590370559000D+02
     .15694666019846625000D+00
     .41083003197963097000D-02
     .13032296373087329000D+00
     .28218626517905284000D-01
     .43128801331698776000D+01
     .14989603071862344000D-02
     .21093493817782547000D-02
     .54749517646544853000D-03
     .50663369140747710000D-02
     .38769309714850550000D+02
     .22527825336358477000D+01
     .41136902111837692000D+02
    -.67040249561687204000D+02
     .12700774123473174000D+00
     .64803494153256230000D-01
     .63598218306855983000D-01
     .35180569703488324000D-01
     .38510901008859581000D-02
     .43850096578129793000D+01
     .14998741531799643000D-02
     .24536788050428955000D-02
     .47446572385473461000D-02
     .57736210814819787000D-02
     .60283892473538692000D+02
     .26096835403469871000D+02
     .30646927528308077000D+03
     .35386374097687127000D-02
     .11349099999999999000D+02
     .17243447100000000000D+00
     .48031840000000002000D-02
     .15739584400000000000D+00
     .10748845999999999000D-01
     .44240000000000003000D+01
     .15040229999999999000D-02
     .45163699999999995000D-02
     .31564829999999998000D-02
     .10083662999999999000D-01
     .19789000000000001000D+02
     .30962580000000001000D+01
     .11077795516747423000D+03
     .10050000000000000000D+00
     .00000000000000000000D+00
