    0.34417084186109503000D-01
   -0.56167764241561437000D+01
    0.14798926596632969000D+00
    0.46513978800287181000D-02
    0.12212356622780236000D+00
    0.26448086273882679000D-01
    0.49137227453137395000D+01
    0.14995276387507383000D-02
    0.18972501292146095000D-02
    0.59860624539940967000D-03
    0.48915933451817040000D-02
    0.45876412650597826000D+01
    0.32404515380637061000D+00
    0.50005348900646275000D+02
   -0.93131946089350961000D+02
    0.94081814234033694000D-01
    0.13029998034402750000D-01
    0.14951944332617866000D+00
    0.18678907698313023000D-01
    0.12533733402006513000D-01
    0.42550596898167194000D+01
    0.14993127435857056000D-02
    0.92704967663067832000D-02
    0.53447631952575243000D-02
    0.52559119463541298000D-02
    0.35075036427449606000D+01
    0.45271305645379444000D+00
    0.91374554101572130000D+02
   -0.96377312340560372000D+01
    0.10730849693013068000D+02
    0.73256654263653089000D-01
    0.54017090131948360000D-02
    0.68395922958144575000D-01
    0.23621184063604269000D-02
    0.43875174638105916000D+01
    0.15007112355858889000D-02
    0.19443103291899455000D-02
    0.61331422159305506000D-02
    0.10496012415131018000D-01
    0.30034619908871249000D+01
    0.21209919486335402000D+01
    0.49993928077946770000D+03
    0.33578318873315824000D+04
    0.00000000000000000000D+00
