   -0.23009052078703712000D+00
    0.27965353724459061000D+01
    0.15074309783176256000D+00
    0.43735644154115679000D-02
    0.11915731382009671000D+00
    0.31956318364473018000D-01
    0.37201750898657479000D+01
    0.11968652916235120000D-02
    0.20087845436277218000D-02
    0.39713691413280929000D-03
    0.52930149976166580000D-02
    0.93007099734286988000D+01
    0.41164460544263115000D+00
    0.31333341206567499000D+02
   -0.95190709284150287000D+02
    0.83138694666593793000D-01
    0.15909186921797702000D-01
    0.15185183116120365000D+00
    0.18443534676818664000D-01
    0.24017995919753249000D-01
    0.33264550604201206000D+01
    0.11967772597212282000D-02
    0.94619444078540941000D-02
    0.22254894686829685000D-02
    0.68499438853019149000D-02
    0.15060124786198137000D+02
    0.79299993108831079000D+00
    0.37277343934104322000D+02
   -0.50664525790859498000D+01
    0.12000000000000000000D+02
    0.65000000000000002000D-01
    0.20000000000000000000D-02
    0.55879595999999996000D-01
    0.80000000000000001000D-02
    0.35289999999999976000D+01
    0.11999999999999998000D-02
    0.22867260000000002000D-02
    0.17132740000000000000D-02
    0.29999999999999998000D-01
    0.18876999999999998000D+02
    0.31663229999999997000D+01
    0.11873034728875772000D+03
    0.99999999999999936000D-01
    0.00000000000000000000D+00
