

 DIST  Na:   FLUX      FEKM      FIKM
 1.0000     34.9327   34.9327    0.0000
 1.0025    119.5809  119.5809    0.0000
 1.0050    114.1039  114.1039    0.0000
 1.0075    109.3997  109.3997    0.0000
 1.0100    104.9616  104.9616    0.0000
 1.0125    100.7314  100.7314    0.0000
 1.0150     96.7016   96.7016    0.0000
 1.0175     92.8696   92.8696    0.0000
 1.0200     89.2328   89.2328    0.0000
 1.0225     85.7873   85.7873    0.0000
 1.0250     82.5281   82.5281    0.0000
 1.0275     79.4494   79.4494    0.0000
 1.0300     76.5450   76.5450    0.0000
 1.0325     73.8077   73.8077    0.0000
 1.0350     71.2304   71.2304    0.0000
 1.0375     68.8055   68.8055    0.0000
 1.0400     66.5254   66.5254    0.0000
 1.0425     64.3825   64.3825    0.0000
 1.0450     62.3691   62.3691    0.0000
 1.0475     60.4779   60.4779    0.0000
 1.0500     58.7015   58.7015    0.0000
 1.0525     57.0329   57.0329    0.0000
 1.0550     55.4653   55.4653    0.0000
 1.0575     53.9922   53.9922    0.0000
 1.0600     52.6074   52.6074    0.0000
 1.0625     51.3051   51.3051    0.0000
 1.0650     50.0797   50.0797    0.0000
 1.0675     48.9258   48.9258    0.0000
 1.0700     47.8386   47.8386    0.0000
 1.0725     46.8135   46.8135    0.0000
 1.0750     45.8460   45.8460    0.0000
 1.0775     44.9321   44.9321    0.0000
 1.0800     44.0680   44.0680    0.0000
 1.0825     43.2502   43.2502    0.0000
 1.0850     42.4753   42.4753    0.0000
 1.0875     41.7405   41.7405    0.0000
 1.0900     41.0427   41.0427    0.0000
 1.0925     40.3795   40.3795    0.0000
 1.0950     39.7483   39.7483    0.0000
 1.0975     39.1469   39.1469    0.0000
 1.1000     38.5733   38.5733    0.0000


 DIST  K:     FLUX      FEKM      FIKM
 1.0000     -0.9676   -0.9676    0.0000
 1.0025    -23.5663  -23.5663    0.0000
 1.0050    -23.6132  -23.6132    0.0000
 1.0075    -23.5828  -23.5828    0.0000
 1.0100    -23.5223  -23.5223    0.0000
 1.0125    -23.4379  -23.4379    0.0000
 1.0150    -23.3312  -23.3312    0.0000
 1.0175    -23.2033  -23.2033    0.0000
 1.0200    -23.0553  -23.0553    0.0000
 1.0225    -22.8884  -22.8884    0.0000
 1.0250    -22.7039  -22.7039    0.0000
 1.0275    -22.5029  -22.5029    0.0000
 1.0300    -22.2867  -22.2867    0.0000
 1.0325    -22.0565  -22.0565    0.0000
 1.0350    -21.8137  -21.8137    0.0000
 1.0375    -21.5594  -21.5594    0.0000
 1.0400    -21.2947  -21.2947    0.0000
 1.0425    -21.0209  -21.0209    0.0000
 1.0450    -20.7390  -20.7390    0.0000
 1.0475    -20.4501  -20.4501    0.0000
 1.0500    -20.1552  -20.1552    0.0000
 1.0525    -19.8551  -19.8551    0.0000
 1.0550    -19.5508  -19.5508    0.0000
 1.0575    -19.2430  -19.2430    0.0000
 1.0600    -18.9326  -18.9326    0.0000
 1.0625    -18.6203  -18.6203    0.0000
 1.0650    -18.3066  -18.3066    0.0000
 1.0675    -17.9922  -17.9922    0.0000
 1.0700    -17.6777  -17.6777    0.0000
 1.0725    -17.3635  -17.3635    0.0000
 1.0750    -17.0501  -17.0501    0.0000
 1.0775    -16.7379  -16.7379    0.0000
 1.0800    -16.4274  -16.4274    0.0000
 1.0825    -16.1188  -16.1188    0.0000
 1.0850    -15.8124  -15.8124    0.0000
 1.0875    -15.5086  -15.5086    0.0000
 1.0900    -15.2076  -15.2076    0.0000
 1.0925    -14.9095  -14.9095    0.0000
 1.0950    -14.6146  -14.6146    0.0000
 1.0975    -14.3230  -14.3230    0.0000
 1.1000    -14.0349  -14.0349    0.0000


 DIST  Cl:   FLUX      FEKM      FIKM
 1.0000     40.1911   40.1911    0.0000
 1.0025    101.6167  101.6167    0.0000
 1.0050     96.1578   96.1578    0.0000
 1.0075     91.5264   91.5264    0.0000
 1.0100     87.1859   87.1859    0.0000
 1.0125     83.0750   83.0750    0.0000
 1.0150     79.1847   79.1847    0.0000
 1.0175     75.5118   75.5118    0.0000
 1.0200     72.0524   72.0524    0.0000
 1.0225     68.8014   68.8014    0.0000
 1.0250     65.7527   65.7527    0.0000
 1.0275     62.8994   62.8994    0.0000
 1.0300     60.2338   60.2338    0.0000
 1.0325     57.7479   57.7479    0.0000
 1.0350     55.4331   55.4331    0.0000
 1.0375     53.2807   53.2807    0.0000
 1.0400     51.2822   51.2822    0.0000
 1.0425     49.4287   49.4287    0.0000
 1.0450     47.7116   47.7116    0.0000
 1.0475     46.1224   46.1224    0.0000
 1.0500     44.6532   44.6532    0.0000
 1.0525     43.2958   43.2958    0.0000
 1.0550     42.0427   42.0427    0.0000
 1.0575     40.8866   40.8866    0.0000
 1.0600     39.8208   39.8208    0.0000
 1.0625     38.8385   38.8385    0.0000
 1.0650     37.9337   37.9337    0.0000
 1.0675     37.1005   37.1005    0.0000
 1.0700     36.3336   36.3336    0.0000
 1.0725     35.6276   35.6276    0.0000
 1.0750     34.9781   34.9781    0.0000
 1.0775     34.3803   34.3803    0.0000
 1.0800     33.8304   33.8304    0.0000
 1.0825     33.3243   33.3243    0.0000
 1.0850     32.8586   32.8586    0.0000
 1.0875     32.4299   32.4299    0.0000
 1.0900     32.0352   32.0352    0.0000
 1.0925     31.6717   31.6717    0.0000
 1.0950     31.3368   31.3368    0.0000
 1.0975     31.0282   31.0282    0.0000
 1.1000     30.7435   30.7435    0.0000


 DIST  NH4:   FLUX      FEKM      FIKM      JNH3
 1.0000      1.0039    1.0039    0.0000   -2.3659
 1.0025      1.9769    1.9769    0.0000   -2.3659
 1.0050      1.9004    1.9004    0.0000   -2.3659
 1.0075      1.8341    1.8341    0.0000   -2.3659
 1.0100      1.7721    1.7721    0.0000   -2.3659
 1.0125      1.7140    1.7140    0.0000   -2.3659
 1.0150      1.6594    1.6594    0.0000   -2.3659
 1.0175      1.6084    1.6084    0.0000   -2.3659
 1.0200      1.5608    1.5608    0.0000   -2.3659
 1.0225      1.5166    1.5166    0.0000   -2.3659
 1.0250      1.4757    1.4757    0.0000   -2.3659
 1.0275      1.4379    1.4379    0.0000   -2.3659
 1.0300      1.4030    1.4030    0.0000   -2.3659
 1.0325      1.3710    1.3710    0.0000   -2.3659
 1.0350      1.3417    1.3417    0.0000   -2.3659
 1.0375      1.3150    1.3150    0.0000   -2.3659
 1.0400      1.2907    1.2907    0.0000   -2.3659
 1.0425      1.2686    1.2686    0.0000   -2.3659
 1.0450      1.2487    1.2487    0.0000   -2.3659
 1.0475      1.2307    1.2307    0.0000   -2.3659
 1.0500      1.2146    1.2146    0.0000   -2.3659
 1.0525      1.2002    1.2002    0.0000   -2.3659
 1.0550      1.1875    1.1875    0.0000   -2.3659
 1.0575      1.1762    1.1762    0.0000   -2.3659
 1.0600      1.1663    1.1663    0.0000   -2.3659
 1.0625      1.1577    1.1577    0.0000   -2.3659
 1.0650      1.1502    1.1502    0.0000   -2.3659
 1.0675      1.1439    1.1439    0.0000   -2.3659
 1.0700      1.1385    1.1385    0.0000   -2.3659
 1.0725      1.1341    1.1341    0.0000   -2.3659
 1.0750      1.1305    1.1305    0.0000   -2.3659
 1.0775      1.1276    1.1276    0.0000   -2.3659
 1.0800      1.1255    1.1255    0.0000   -2.3659
 1.0825      1.1240    1.1240    0.0000   -2.3659
 1.0850      1.1231    1.1231    0.0000   -2.3659
 1.0875      1.1228    1.1228    0.0000   -2.3659
 1.0900      1.1229    1.1229    0.0000   -2.3659
 1.0925      1.1235    1.1235    0.0000   -2.3659
 1.0950      1.1244    1.1244    0.0000   -2.3659
 1.0975      1.1258    1.1258    0.0000   -2.3659
 1.1000      1.1274    1.1274    0.0000   -2.3659


 DIST  Na:   FLUX      FEKM      FIKM
 1.0000     35.8324   35.8324    0.0000
 1.0025    120.5833  120.5833    0.0000
 1.0050    115.1665  115.1665    0.0000
 1.0075    110.5256  110.5256    0.0000
 1.0100    106.1453  106.1453    0.0000
 1.0125    101.9645  101.9645    0.0000
 1.0150     97.9751   97.9751    0.0000
 1.0175     94.1752   94.1752    0.0000
 1.0200     90.5625   90.5625    0.0000
 1.0225     87.1335   87.1335    0.0000
 1.0250     83.8841   83.8841    0.0000
 1.0275     80.8091   80.8091    0.0000
 1.0300     77.9028   77.9028    0.0000
 1.0325     75.1588   75.1588    0.0000
 1.0350     72.5705   72.5705    0.0000
 1.0375     70.1309   70.1309    0.0000
 1.0400     67.8331   67.8331    0.0000
 1.0425     65.6698   65.6698    0.0000
 1.0450     63.6339   63.6339    0.0000
 1.0475     61.7185   61.7185    0.0000
 1.0500     59.9166   59.9166    0.0000
 1.0525     58.2215   58.2215    0.0000
 1.0550     56.6268   56.6268    0.0000
 1.0575     55.1263   55.1263    0.0000
 1.0600     53.7140   53.7140    0.0000
 1.0625     52.3841   52.3841    0.0000
 1.0650     51.1314   51.1314    0.0000
 1.0675     49.9507   49.9507    0.0000
 1.0700     48.8371   48.8371    0.0000
 1.0725     47.7861   47.7861    0.0000
 1.0750     46.7935   46.7935    0.0000
 1.0775     45.8552   45.8552    0.0000
 1.0800     44.9675   44.9675    0.0000
 1.0825     44.1270   44.1270    0.0000
 1.0850     43.3302   43.3302    0.0000
 1.0875     42.5743   42.5743    0.0000
 1.0900     41.8563   41.8563    0.0000
 1.0925     41.1737   41.1737    0.0000
 1.0950     40.5239   40.5239    0.0000
 1.0975     39.9048   39.9048    0.0000
 1.1000     39.3143   39.3143    0.0000


 DIST  K:     FLUX      FEKM      FIKM
 1.0000     -1.1860   -1.1860    0.0000
 1.0025    -23.7872  -23.7872    0.0000
 1.0050    -23.8368  -23.8368    0.0000
 1.0075    -23.8090  -23.8090    0.0000
 1.0100    -23.7517  -23.7517    0.0000
 1.0125    -23.6712  -23.6712    0.0000
 1.0150    -23.5692  -23.5692    0.0000
 1.0175    -23.4468  -23.4468    0.0000
 1.0200    -23.3049  -23.3049    0.0000
 1.0225    -23.1447  -23.1447    0.0000
 1.0250    -22.9672  -22.9672    0.0000
 1.0275    -22.7736  -22.7736    0.0000
 1.0300    -22.5650  -22.5650    0.0000
 1.0325    -22.3427  -22.3427    0.0000
 1.0350    -22.1078  -22.1078    0.0000
 1.0375    -21.8614  -21.8614    0.0000
 1.0400    -21.6048  -21.6048    0.0000
 1.0425    -21.3388  -21.3388    0.0000
 1.0450    -21.0646  -21.0646    0.0000
 1.0475    -20.7833  -20.7833    0.0000
 1.0500    -20.4956  -20.4956    0.0000
 1.0525    -20.2026  -20.2026    0.0000
 1.0550    -19.9051  -19.9051    0.0000
 1.0575    -19.6039  -19.6039    0.0000
 1.0600    -19.2997  -19.2997    0.0000
 1.0625    -18.9931  -18.9931    0.0000
 1.0650    -18.6850  -18.6850    0.0000
 1.0675    -18.3758  -18.3758    0.0000
 1.0700    -18.0661  -18.0661    0.0000
 1.0725    -17.7564  -17.7564    0.0000
 1.0750    -17.4472  -17.4472    0.0000
 1.0775    -17.1388  -17.1388    0.0000
 1.0800    -16.8317  -16.8317    0.0000
 1.0825    -16.5262  -16.5262    0.0000
 1.0850    -16.2227  -16.2227    0.0000
 1.0875    -15.9213  -15.9213    0.0000
 1.0900    -15.6225  -15.6225    0.0000
 1.0925    -15.3263  -15.3263    0.0000
 1.0950    -15.0330  -15.0330    0.0000
 1.0975    -14.7427  -14.7427    0.0000
 1.1000    -14.4557  -14.4557    0.0000


 DIST  Cl:   FLUX      FEKM      FIKM
 1.0000     40.8576   40.8576    0.0000
 1.0025    102.3809  102.3809    0.0000
 1.0050     96.9790   96.9790    0.0000
 1.0075     92.4080   92.4080    0.0000
 1.0100     88.1218   88.1218    0.0000
 1.0125     84.0558   84.0558    0.0000
 1.0150     80.2010   80.2010    0.0000
 1.0175     76.5544   76.5544    0.0000
 1.0200     73.1128   73.1128    0.0000
 1.0225     69.8717   69.8717    0.0000
 1.0250     66.8258   66.8258    0.0000
 1.0275     63.9687   63.9687    0.0000
 1.0300     61.2937   61.2937    0.0000
 1.0325     58.7934   58.7934    0.0000
 1.0350     56.4598   56.4598    0.0000
 1.0375     54.2851   54.2851    0.0000
 1.0400     52.2611   52.2611    0.0000
 1.0425     50.3796   50.3796    0.0000
 1.0450     48.6326   48.6326    0.0000
 1.0475     47.0121   47.0121    0.0000
 1.0500     45.5103   45.5103    0.0000
 1.0525     44.1198   44.1198    0.0000
 1.0550     42.8331   42.8331    0.0000
 1.0575     41.6435   41.6435    0.0000
 1.0600     40.5442   40.5442    0.0000
 1.0625     39.5289   39.5289    0.0000
 1.0650     38.5917   38.5917    0.0000
 1.0675     37.7267   37.7267    0.0000
 1.0700     36.9289   36.9289    0.0000
 1.0725     36.1930   36.1930    0.0000
 1.0750     35.5145   35.5145    0.0000
 1.0775     34.8890   34.8890    0.0000
 1.0800     34.3122   34.3122    0.0000
 1.0825     33.7806   33.7806    0.0000
 1.0850     33.2904   33.2904    0.0000
 1.0875     32.8385   32.8385    0.0000
 1.0900     32.4217   32.4217    0.0000
 1.0925     32.0372   32.0372    0.0000
 1.0950     31.6825   31.6825    0.0000
 1.0975     31.3550   31.3550    0.0000
 1.1000     31.0526   31.0526    0.0000


 DIST  NH4:   FLUX      FEKM      FIKM      JNH3
 1.0000      1.0118    1.0118    0.0000   -2.3776
 1.0025      1.9858    1.9858    0.0000   -2.3776
 1.0050      1.9102    1.9102    0.0000   -2.3776
 1.0075      1.8446    1.8446    0.0000   -2.3776
 1.0100      1.7834    1.7834    0.0000   -2.3776
 1.0125      1.7257    1.7257    0.0000   -2.3776
 1.0150      1.6715    1.6715    0.0000   -2.3776
 1.0175      1.6207    1.6207    0.0000   -2.3776
 1.0200      1.5732    1.5732    0.0000   -2.3776
 1.0225      1.5290    1.5290    0.0000   -2.3776
 1.0250      1.4879    1.4879    0.0000   -2.3776
 1.0275      1.4499    1.4499    0.0000   -2.3776
 1.0300      1.4147    1.4147    0.0000   -2.3776
 1.0325      1.3823    1.3823    0.0000   -2.3776
 1.0350      1.3526    1.3526    0.0000   -2.3776
 1.0375      1.3253    1.3253    0.0000   -2.3776
 1.0400      1.3004    1.3004    0.0000   -2.3776
 1.0425      1.2778    1.2778    0.0000   -2.3776
 1.0450      1.2572    1.2572    0.0000   -2.3776
 1.0475      1.2386    1.2386    0.0000   -2.3776
 1.0500      1.2219    1.2219    0.0000   -2.3776
 1.0525      1.2068    1.2068    0.0000   -2.3776
 1.0550      1.1934    1.1934    0.0000   -2.3776
 1.0575      1.1815    1.1815    0.0000   -2.3776
 1.0600      1.1709    1.1709    0.0000   -2.3776
 1.0625      1.1616    1.1616    0.0000   -2.3776
 1.0650      1.1536    1.1536    0.0000   -2.3776
 1.0675      1.1466    1.1466    0.0000   -2.3776
 1.0700      1.1406    1.1406    0.0000   -2.3776
 1.0725      1.1356    1.1356    0.0000   -2.3776
 1.0750      1.1314    1.1314    0.0000   -2.3776
 1.0775      1.1280    1.1280    0.0000   -2.3776
 1.0800      1.1253    1.1253    0.0000   -2.3776
 1.0825      1.1234    1.1234    0.0000   -2.3776
 1.0850      1.1220    1.1220    0.0000   -2.3776
 1.0875      1.1211    1.1211    0.0000   -2.3776
 1.0900      1.1208    1.1208    0.0000   -2.3776
 1.0925      1.1210    1.1210    0.0000   -2.3776
 1.0950      1.1215    1.1215    0.0000   -2.3776
 1.0975      1.1225    1.1225    0.0000   -2.3776
 1.1000      1.1238    1.1238    0.0000   -2.3776


 DIST  Na:   FLUX      FEKM      FIKM
 1.0000     36.7172   36.7172    0.0000
 1.0025    121.5612  121.5612    0.0000
 1.0050    116.1981  116.1981    0.0000
 1.0075    111.6144  111.6144    0.0000
 1.0100    107.2866  107.2866    0.0000
 1.0125    103.1508  103.1508    0.0000
 1.0150     99.1985   99.1985    0.0000
 1.0175     95.4280   95.4280    0.0000
 1.0200     91.8374   91.8374    0.0000
 1.0225     88.4238   88.4238    0.0000
 1.0250     85.1835   85.1835    0.0000
 1.0275     82.1119   82.1119    0.0000
 1.0300     79.2040   79.2040    0.0000
 1.0325     76.4538   76.4538    0.0000
 1.0350     73.8554   73.8554    0.0000
 1.0375     71.4023   71.4023    0.0000
 1.0400     69.0880   69.0880    0.0000
 1.0425     66.9057   66.9057    0.0000
 1.0450     64.8489   64.8489    0.0000
 1.0475     62.9108   62.9108    0.0000
 1.0500     61.0850   61.0850    0.0000
 1.0525     59.3651   59.3651    0.0000
 1.0550     57.7449   57.7449    0.0000
 1.0575     56.2184   56.2184    0.0000
 1.0600     54.7799   54.7799    0.0000
 1.0625     53.4239   53.4239    0.0000
 1.0650     52.1452   52.1452    0.0000
 1.0675     50.9388   50.9388    0.0000
 1.0700     49.8000   49.8000    0.0000
 1.0725     48.7243   48.7243    0.0000
 1.0750     47.7075   47.7075    0.0000
 1.0775     46.7458   46.7458    0.0000
 1.0800     45.8354   45.8354    0.0000
 1.0825     44.9728   44.9728    0.0000
 1.0850     44.1548   44.1548    0.0000
 1.0875     43.3784   43.3784    0.0000
 1.0900     42.6408   42.6408    0.0000
 1.0925     41.9393   41.9393    0.0000
 1.0950     41.2715   41.2715    0.0000
 1.0975     40.6351   40.6351    0.0000
 1.1000     40.0280   40.0280    0.0000


 DIST  K:     FLUX      FEKM      FIKM
 1.0000     -1.3973   -1.3973    0.0000
 1.0025    -24.0005  -24.0005    0.0000
 1.0050    -24.0526  -24.0526    0.0000
 1.0075    -24.0273  -24.0273    0.0000
 1.0100    -23.9729  -23.9729    0.0000
 1.0125    -23.8961  -23.8961    0.0000
 1.0150    -23.7985  -23.7985    0.0000
 1.0175    -23.6811  -23.6811    0.0000
 1.0200    -23.5449  -23.5449    0.0000
 1.0225    -23.3907  -23.3907    0.0000
 1.0250    -23.2197  -23.2197    0.0000
 1.0275    -23.0329  -23.0329    0.0000
 1.0300    -22.8314  -22.8314    0.0000
 1.0325    -22.6163  -22.6163    0.0000
 1.0350    -22.3887  -22.3887    0.0000
 1.0375    -22.1497  -22.1497    0.0000
 1.0400    -21.9004  -21.9004    0.0000
 1.0425    -21.6418  -21.6418    0.0000
 1.0450    -21.3748  -21.3748    0.0000
 1.0475    -21.1005  -21.1005    0.0000
 1.0500    -20.8197  -20.8197    0.0000
 1.0525    -20.5333  -20.5333    0.0000
 1.0550    -20.2422  -20.2422    0.0000
 1.0575    -19.9471  -19.9471    0.0000
 1.0600    -19.6487  -19.6487    0.0000
 1.0625    -19.3478  -19.3478    0.0000
 1.0650    -19.0449  -19.0449    0.0000
 1.0675    -18.7406  -18.7406    0.0000
 1.0700    -18.4355  -18.4355    0.0000
 1.0725    -18.1302  -18.1302    0.0000
 1.0750    -17.8249  -17.8249    0.0000
 1.0775    -17.5202  -17.5202    0.0000
 1.0800    -17.2165  -17.2165    0.0000
 1.0825    -16.9141  -16.9141    0.0000
 1.0850    -16.6133  -16.6133    0.0000
 1.0875    -16.3145  -16.3145    0.0000
 1.0900    -16.0178  -16.0178    0.0000
 1.0925    -15.7235  -15.7235    0.0000
 1.0950    -15.4318  -15.4318    0.0000
 1.0975    -15.1430  -15.1430    0.0000
 1.1000    -14.8571  -14.8571    0.0000


 DIST  Cl:   FLUX      FEKM      FIKM
 1.0000     41.5146   41.5146    0.0000
 1.0025    103.1261  103.1261    0.0000
 1.0050     97.7749   97.7749    0.0000
 1.0075     93.2583   93.2583    0.0000
 1.0100     89.0213   89.0213    0.0000
 1.0125     84.9963   84.9963    0.0000
 1.0150     81.1740   81.1740    0.0000
 1.0175     77.5516   77.5516    0.0000
 1.0200     74.1264   74.1264    0.0000
 1.0225     70.8945   70.8945    0.0000
 1.0250     67.8512   67.8512    0.0000
 1.0275     64.9908   64.9908    0.0000
 1.0300     62.3073   62.3073    0.0000
 1.0325     59.7937   59.7937    0.0000
 1.0350     57.4429   57.4429    0.0000
 1.0375     55.2475   55.2475    0.0000
 1.0400     53.1999   53.1999    0.0000
 1.0425     51.2924   51.2924    0.0000
 1.0450     49.5175   49.5175    0.0000
 1.0475     47.8676   47.8676    0.0000
 1.0500     46.3354   46.3354    0.0000
 1.0525     44.9137   44.9137    0.0000
 1.0550     43.5954   43.5954    0.0000
 1.0575     42.3741   42.3741    0.0000
 1.0600     41.2431   41.2431    0.0000
 1.0625     40.1964   40.1964    0.0000
 1.0650     39.2283   39.2283    0.0000
 1.0675     38.3331   38.3331    0.0000
 1.0700     37.5056   37.5056    0.0000
 1.0725     36.7411   36.7411    0.0000
 1.0750     36.0348   36.0348    0.0000
 1.0775     35.3824   35.3824    0.0000
 1.0800     34.7799   34.7799    0.0000
 1.0825     34.2234   34.2234    0.0000
 1.0850     33.7096   33.7096    0.0000
 1.0875     33.2350   33.2350    0.0000
 1.0900     32.7966   32.7966    0.0000
 1.0925     32.3916   32.3916    0.0000
 1.0950     32.0174   32.0174    0.0000
 1.0975     31.6715   31.6715    0.0000
 1.1000     31.3517   31.3517    0.0000


 DIST  NH4:   FLUX      FEKM      FIKM      JNH3
 1.0000      1.0194    1.0194    0.0000   -2.3876
 1.0025      1.9943    1.9943    0.0000   -2.3876
 1.0050      1.9194    1.9194    0.0000   -2.3876
 1.0075      1.8546    1.8546    0.0000   -2.3876
 1.0100      1.7939    1.7939    0.0000   -2.3876
 1.0125      1.7367    1.7367    0.0000   -2.3876
 1.0150      1.6829    1.6829    0.0000   -2.3876
 1.0175      1.6323    1.6323    0.0000   -2.3876
 1.0200      1.5849    1.5849    0.0000   -2.3876
 1.0225      1.5407    1.5407    0.0000   -2.3876
 1.0250      1.4995    1.4995    0.0000   -2.3876
 1.0275      1.4612    1.4612    0.0000   -2.3876
 1.0300      1.4257    1.4257    0.0000   -2.3876
 1.0325      1.3930    1.3930    0.0000   -2.3876
 1.0350      1.3628    1.3628    0.0000   -2.3876
 1.0375      1.3350    1.3350    0.0000   -2.3876
 1.0400      1.3096    1.3096    0.0000   -2.3876
 1.0425      1.2864    1.2864    0.0000   -2.3876
 1.0450      1.2653    1.2653    0.0000   -2.3876
 1.0475      1.2461    1.2461    0.0000   -2.3876
 1.0500      1.2287    1.2287    0.0000   -2.3876
 1.0525      1.2130    1.2130    0.0000   -2.3876
 1.0550      1.1990    1.1990    0.0000   -2.3876
 1.0575      1.1864    1.1864    0.0000   -2.3876
 1.0600      1.1752    1.1752    0.0000   -2.3876
 1.0625      1.1654    1.1654    0.0000   -2.3876
 1.0650      1.1567    1.1567    0.0000   -2.3876
 1.0675      1.1491    1.1491    0.0000   -2.3876
 1.0700      1.1426    1.1426    0.0000   -2.3876
 1.0725      1.1370    1.1370    0.0000   -2.3876
 1.0750      1.1322    1.1322    0.0000   -2.3876
 1.0775      1.1283    1.1283    0.0000   -2.3876
 1.0800      1.1251    1.1251    0.0000   -2.3876
 1.0825      1.1227    1.1227    0.0000   -2.3876
 1.0850      1.1208    1.1208    0.0000   -2.3876
 1.0875      1.1195    1.1195    0.0000   -2.3876
 1.0900      1.1188    1.1188    0.0000   -2.3876
 1.0925      1.1185    1.1185    0.0000   -2.3876
 1.0950      1.1187    1.1187    0.0000   -2.3876
 1.0975      1.1192    1.1192    0.0000   -2.3876
 1.1000      1.1202    1.1202    0.0000   -2.3876


 DIST  Na:   FLUX      FEKM      FIKM
 1.0000     38.1291   38.1291    0.0000
 1.0025    123.1645  123.1645    0.0000
 1.0050    117.9133  117.9133    0.0000
 1.0075    113.4453  113.4453    0.0000
 1.0100    109.2244  109.2244    0.0000
 1.0125    105.1821  105.1821    0.0000
 1.0150    101.3093  101.3093    0.0000
 1.0175     97.6044   97.6044    0.0000
 1.0200     94.0663   94.0663    0.0000
 1.0225     90.6928   90.6928    0.0000
 1.0250     87.4811   87.4811    0.0000
 1.0275     84.4277   84.4277    0.0000
 1.0300     81.5282   81.5282    0.0000
 1.0325     78.7779   78.7779    0.0000
 1.0350     76.1717   76.1717    0.0000
 1.0375     73.7040   73.7040    0.0000
 1.0400     71.3690   71.3690    0.0000
 1.0425     69.1611   69.1611    0.0000
 1.0450     67.0743   67.0743    0.0000
 1.0475     65.1026   65.1026    0.0000
 1.0500     63.2403   63.2403    0.0000
 1.0525     61.4815   61.4815    0.0000
 1.0550     59.8206   59.8206    0.0000
 1.0575     58.2521   58.2521    0.0000
 1.0600     56.7707   56.7707    0.0000
 1.0625     55.3713   55.3713    0.0000
 1.0650     54.0490   54.0490    0.0000
 1.0675     52.7991   52.7991    0.0000
 1.0700     51.6172   51.6172    0.0000
 1.0725     50.4990   50.4990    0.0000
 1.0750     49.4405   49.4405    0.0000
 1.0775     48.4379   48.4379    0.0000
 1.0800     47.4876   47.4876    0.0000
 1.0825     46.5862   46.5862    0.0000
 1.0850     45.7306   45.7306    0.0000
 1.0875     44.9179   44.9179    0.0000
 1.0900     44.1451   44.1451    0.0000
 1.0925     43.4097   43.4097    0.0000
 1.0950     42.7094   42.7094    0.0000
 1.0975     42.0417   42.0417    0.0000
 1.1000     41.4045   41.4045    0.0000


 DIST  K:     FLUX      FEKM      FIKM
 1.0000     -1.7110   -1.7110    0.0000
 1.0025    -24.3125  -24.3125    0.0000
 1.0050    -24.3690  -24.3690    0.0000
 1.0075    -24.3481  -24.3481    0.0000
 1.0100    -24.2992  -24.2992    0.0000
 1.0125    -24.2291  -24.2291    0.0000
 1.0150    -24.1396  -24.1396    0.0000
 1.0175    -24.0315  -24.0315    0.0000
 1.0200    -23.9055  -23.9055    0.0000
 1.0225    -23.7626  -23.7626    0.0000
 1.0250    -23.6036  -23.6036    0.0000
 1.0275    -23.4295  -23.4295    0.0000
 1.0300    -23.2412  -23.2412    0.0000
 1.0325    -23.0398  -23.0398    0.0000
 1.0350    -22.8261  -22.8261    0.0000
 1.0375    -22.6011  -22.6011    0.0000
 1.0400    -22.3659  -22.3659    0.0000
 1.0425    -22.1214  -22.1214    0.0000
 1.0450    -21.8684  -21.8684    0.0000
 1.0475    -21.6078  -21.6078    0.0000
 1.0500    -21.3405  -21.3405    0.0000
 1.0525    -21.0673  -21.0673    0.0000
 1.0550    -20.7890  -20.7890    0.0000
 1.0575    -20.5062  -20.5062    0.0000
 1.0600    -20.2198  -20.2198    0.0000
 1.0625    -19.9303  -19.9303    0.0000
 1.0650    -19.6383  -19.6383    0.0000
 1.0675    -19.3444  -19.3444    0.0000
 1.0700    -19.0492  -19.0492    0.0000
 1.0725    -18.7531  -18.7531    0.0000
 1.0750    -18.4566  -18.4566    0.0000
 1.0775    -18.1602  -18.1602    0.0000
 1.0800    -17.8641  -17.8641    0.0000
 1.0825    -17.5688  -17.5688    0.0000
 1.0850    -17.2746  -17.2746    0.0000
 1.0875    -16.9817  -16.9817    0.0000
 1.0900    -16.6905  -16.6905    0.0000
 1.0925    -16.4012  -16.4012    0.0000
 1.0950    -16.1141  -16.1141    0.0000
 1.0975    -15.8292  -15.8292    0.0000
 1.1000    -15.5469  -15.5469    0.0000


 DIST  Cl:   FLUX      FEKM      FIKM
 1.0000     42.5987   42.5987    0.0000
 1.0025    104.4018  104.4018    0.0000
 1.0050     99.1573   99.1573    0.0000
 1.0075     94.7513   94.7513    0.0000
 1.0100     90.6149   90.6149    0.0000
 1.0125     86.6760   86.6760    0.0000
 1.0150     82.9244   82.9244    0.0000
 1.0175     79.3579   79.3579    0.0000
 1.0200     75.9744   75.9744    0.0000
 1.0225     72.7711   72.7711    0.0000
 1.0250     69.7442   69.7442    0.0000
 1.0275     66.8892   66.8892    0.0000
 1.0300     64.2009   64.2009    0.0000
 1.0325     61.6737   61.6737    0.0000
 1.0350     59.3013   59.3013    0.0000
 1.0375     57.0775   57.0775    0.0000
 1.0400     54.9955   54.9955    0.0000
 1.0425     53.0487   53.0487    0.0000
 1.0450     51.2303   51.2303    0.0000
 1.0475     49.5335   49.5335    0.0000
 1.0500     47.9517   47.9517    0.0000
 1.0525     46.4784   46.4784    0.0000
 1.0550     45.1072   45.1072    0.0000
 1.0575     43.8320   43.8320    0.0000
 1.0600     42.6468   42.6468    0.0000
 1.0625     41.5459   41.5459    0.0000
 1.0650     40.5238   40.5238    0.0000
 1.0675     39.5753   39.5753    0.0000
 1.0700     38.6955   38.6955    0.0000
 1.0725     37.8797   37.8797    0.0000
 1.0750     37.1234   37.1234    0.0000
 1.0775     36.4224   36.4224    0.0000
 1.0800     35.7729   35.7729    0.0000
 1.0825     35.1711   35.1711    0.0000
 1.0850     34.6136   34.6136    0.0000
 1.0875     34.0971   34.0971    0.0000
 1.0900     33.6186   33.6186    0.0000
 1.0925     33.1753   33.1753    0.0000
 1.0950     32.7645   32.7645    0.0000
 1.0975     32.3837   32.3837    0.0000
 1.1000     32.0307   32.0307    0.0000


 DIST  NH4:   FLUX      FEKM      FIKM      JNH3
 1.0000      1.0315    1.0315    0.0000   -2.4114
 1.0025      2.0085    2.0085    0.0000   -2.4114
 1.0050      1.9352    1.9352    0.0000   -2.4114
 1.0075      1.8719    1.8719    0.0000   -2.4114
 1.0100      1.8125    1.8125    0.0000   -2.4114
 1.0125      1.7564    1.7564    0.0000   -2.4114
 1.0150      1.7033    1.7033    0.0000   -2.4114
 1.0175      1.6534    1.6534    0.0000   -2.4114
 1.0200      1.6063    1.6063    0.0000   -2.4114
 1.0225      1.5623    1.5623    0.0000   -2.4114
 1.0250      1.5210    1.5210    0.0000   -2.4114
 1.0275      1.4826    1.4826    0.0000   -2.4114
 1.0300      1.4468    1.4468    0.0000   -2.4114
 1.0325      1.4135    1.4135    0.0000   -2.4114
 1.0350      1.3827    1.3827    0.0000   -2.4114
 1.0375      1.3543    1.3543    0.0000   -2.4114
 1.0400      1.3281    1.3281    0.0000   -2.4114
 1.0425      1.3040    1.3040    0.0000   -2.4114
 1.0450      1.2820    1.2820    0.0000   -2.4114
 1.0475      1.2618    1.2618    0.0000   -2.4114
 1.0500      1.2434    1.2434    0.0000   -2.4114
 1.0525      1.2267    1.2267    0.0000   -2.4114
 1.0550      1.2116    1.2116    0.0000   -2.4114
 1.0575      1.1980    1.1980    0.0000   -2.4114
 1.0600      1.1858    1.1858    0.0000   -2.4114
 1.0625      1.1748    1.1748    0.0000   -2.4114
 1.0650      1.1651    1.1651    0.0000   -2.4114
 1.0675      1.1565    1.1565    0.0000   -2.4114
 1.0700      1.1489    1.1489    0.0000   -2.4114
 1.0725      1.1423    1.1423    0.0000   -2.4114
 1.0750      1.1366    1.1366    0.0000   -2.4114
 1.0775      1.1318    1.1318    0.0000   -2.4114
 1.0800      1.1277    1.1277    0.0000   -2.4114
 1.0825      1.1243    1.1243    0.0000   -2.4114
 1.0850      1.1216    1.1216    0.0000   -2.4114
 1.0875      1.1195    1.1195    0.0000   -2.4114
 1.0900      1.1180    1.1180    0.0000   -2.4114
 1.0925      1.1169    1.1169    0.0000   -2.4114
 1.0950      1.1164    1.1164    0.0000   -2.4114
 1.0975      1.1162    1.1162    0.0000   -2.4114
 1.1000      1.1165    1.1165    0.0000   -2.4114


 DIST  Na:   FLUX      FEKM      FIKM
 1.0000     39.0162   39.0162    0.0000
 1.0025    124.1312  124.1312    0.0000
 1.0050    118.9247  118.9247    0.0000
 1.0075    114.5051  114.5051    0.0000
 1.0100    110.3295  110.3295    0.0000
 1.0125    106.3267  106.3267    0.0000
 1.0150    102.4868  102.4868    0.0000
 1.0175     98.8084   98.8084    0.0000
 1.0200     95.2905   95.2905    0.0000
 1.0225     91.9316   91.9316    0.0000
 1.0250     88.7291   88.7291    0.0000
 1.0275     85.6800   85.6800    0.0000
 1.0300     82.7803   82.7803    0.0000
 1.0325     80.0257   80.0257    0.0000
 1.0350     77.4116   77.4116    0.0000
 1.0375     74.9328   74.9328    0.0000
 1.0400     72.5841   72.5841    0.0000
 1.0425     70.3600   70.3600    0.0000
 1.0450     68.2550   68.2550    0.0000
 1.0475     66.2635   66.2635    0.0000
 1.0500     64.3800   64.3800    0.0000
 1.0525     62.5989   62.5989    0.0000
 1.0550     60.9150   60.9150    0.0000
 1.0575     59.3228   59.3228    0.0000
 1.0600     57.8175   57.8175    0.0000
 1.0625     56.3939   56.3939    0.0000
 1.0650     55.0474   55.0474    0.0000
 1.0675     53.7734   53.7734    0.0000
 1.0700     52.5677   52.5677    0.0000
 1.0725     51.4259   51.4259    0.0000
 1.0750     50.3443   50.3443    0.0000
 1.0775     49.3191   49.3191    0.0000
 1.0800     48.3468   48.3468    0.0000
 1.0825     47.4240   47.4240    0.0000
 1.0850     46.5476   46.5476    0.0000
 1.0875     45.7146   45.7146    0.0000
 1.0900     44.9224   44.9224    0.0000
 1.0925     44.1683   44.1683    0.0000
 1.0950     43.4498   43.4498    0.0000
 1.0975     42.7647   42.7647    0.0000
 1.1000     42.1109   42.1109    0.0000


 DIST  K:     FLUX      FEKM      FIKM
 1.0000     -1.9139   -1.9139    0.0000
 1.0025    -24.5160  -24.5160    0.0000
 1.0050    -24.5750  -24.5750    0.0000
 1.0075    -24.5565  -24.5565    0.0000
 1.0100    -24.5102  -24.5102    0.0000
 1.0125    -24.4434  -24.4434    0.0000
 1.0150    -24.3577  -24.3577    0.0000
 1.0175    -24.2539  -24.2539    0.0000
 1.0200    -24.1328  -24.1328    0.0000
 1.0225    -23.9952  -23.9952    0.0000
 1.0250    -23.8419  -23.8419    0.0000
 1.0275    -23.6737  -23.6737    0.0000
 1.0300    -23.4916  -23.4916    0.0000
 1.0325    -23.2965  -23.2965    0.0000
 1.0350    -23.0893  -23.0893    0.0000
 1.0375    -22.8710  -22.8710    0.0000
 1.0400    -22.6424  -22.6424    0.0000
 1.0425    -22.4044  -22.4044    0.0000
 1.0450    -22.1579  -22.1579    0.0000
 1.0475    -21.9037  -21.9037    0.0000
 1.0500    -21.6427  -21.6427    0.0000
 1.0525    -21.3757  -21.3757    0.0000
 1.0550    -21.1033  -21.1033    0.0000
 1.0575    -20.8263  -20.8263    0.0000
 1.0600    -20.5454  -20.5454    0.0000
 1.0625    -20.2612  -20.2612    0.0000
 1.0650    -19.9742  -19.9742    0.0000
 1.0675    -19.6852  -19.6852    0.0000
 1.0700    -19.3945  -19.3945    0.0000
 1.0725    -19.1027  -19.1027    0.0000
 1.0750    -18.8102  -18.8102    0.0000
 1.0775    -18.5175  -18.5175    0.0000
 1.0800    -18.2249  -18.2249    0.0000
 1.0825    -17.9328  -17.9328    0.0000
 1.0850    -17.6415  -17.6415    0.0000
 1.0875    -17.3514  -17.3514    0.0000
 1.0900    -17.0627  -17.0627    0.0000
 1.0925    -16.7756  -16.7756    0.0000
 1.0950    -16.4904  -16.4904    0.0000
 1.0975    -16.2072  -16.2072    0.0000
 1.1000    -15.9264  -15.9264    0.0000


 DIST  Cl:   FLUX      FEKM      FIKM
 1.0000     43.2626   43.2626    0.0000
 1.0025    105.1409  105.1409    0.0000
 1.0050     99.9381   99.9381    0.0000
 1.0075     95.5781   95.5781    0.0000
 1.0100     91.4841   91.4841    0.0000
 1.0125     87.5811   87.5811    0.0000
 1.0150     83.8585   83.8585    0.0000
 1.0175     80.3139   80.3139    0.0000
 1.0200     76.9458   76.9458    0.0000
 1.0225     73.7517   73.7517    0.0000
 1.0250     70.7284   70.7284    0.0000
 1.0275     67.8717   67.8717    0.0000
 1.0300     65.1772   65.1772    0.0000
 1.0325     62.6394   62.6394    0.0000
 1.0350     60.2529   60.2529    0.0000
 1.0375     58.0116   58.0116    0.0000
 1.0400     55.9095   55.9095    0.0000
 1.0425     53.9402   53.9402    0.0000
 1.0450     52.0974   52.0974    0.0000
 1.0475     50.3746   50.3746    0.0000
 1.0500     48.7657   48.7657    0.0000
 1.0525     47.2643   47.2643    0.0000
 1.0550     45.8644   45.8644    0.0000
 1.0575     44.5601   44.5601    0.0000
 1.0600     43.3457   43.3457    0.0000
 1.0625     42.2156   42.2156    0.0000
 1.0650     41.1646   41.1646    0.0000
 1.0675     40.1875   40.1875    0.0000
 1.0700     39.2796   39.2796    0.0000
 1.0725     38.4363   38.4363    0.0000
 1.0750     37.6532   37.6532    0.0000
 1.0775     36.9262   36.9262    0.0000
 1.0800     36.2515   36.2515    0.0000
 1.0825     35.6253   35.6253    0.0000
 1.0850     35.0443   35.0443    0.0000
 1.0875     34.5052   34.5052    0.0000
 1.0900     34.0051   34.0051    0.0000
 1.0925     33.5410   33.5410    0.0000
 1.0950     33.1104   33.1104    0.0000
 1.0975     32.7107   32.7107    0.0000
 1.1000     32.3398   32.3398    0.0000


 DIST  NH4:   FLUX      FEKM      FIKM      JNH3
 1.0000      1.0388    1.0388    0.0000   -2.4188
 1.0025      2.0164    2.0164    0.0000   -2.4188
 1.0050      1.9437    1.9437    0.0000   -2.4188
 1.0075      1.8810    1.8810    0.0000   -2.4188
 1.0100      1.8222    1.8222    0.0000   -2.4188
 1.0125      1.7665    1.7665    0.0000   -2.4188
 1.0150      1.7137    1.7137    0.0000   -2.4188
 1.0175      1.6639    1.6639    0.0000   -2.4188
 1.0200      1.6170    1.6170    0.0000   -2.4188
 1.0225      1.5729    1.5729    0.0000   -2.4188
 1.0250      1.5316    1.5316    0.0000   -2.4188
 1.0275      1.4930    1.4930    0.0000   -2.4188
 1.0300      1.4569    1.4569    0.0000   -2.4188
 1.0325      1.4234    1.4234    0.0000   -2.4188
 1.0350      1.3922    1.3922    0.0000   -2.4188
 1.0375      1.3634    1.3634    0.0000   -2.4188
 1.0400      1.3367    1.3367    0.0000   -2.4188
 1.0425      1.3122    1.3122    0.0000   -2.4188
 1.0450      1.2896    1.2896    0.0000   -2.4188
 1.0475      1.2689    1.2689    0.0000   -2.4188
 1.0500      1.2500    1.2500    0.0000   -2.4188
 1.0525      1.2327    1.2327    0.0000   -2.4188
 1.0550      1.2170    1.2170    0.0000   -2.4188
 1.0575      1.2028    1.2028    0.0000   -2.4188
 1.0600      1.1900    1.1900    0.0000   -2.4188
 1.0625      1.1785    1.1785    0.0000   -2.4188
 1.0650      1.1682    1.1682    0.0000   -2.4188
 1.0675      1.1590    1.1590    0.0000   -2.4188
 1.0700      1.1509    1.1509    0.0000   -2.4188
 1.0725      1.1438    1.1438    0.0000   -2.4188
 1.0750      1.1376    1.1376    0.0000   -2.4188
 1.0775      1.1322    1.1322    0.0000   -2.4188
 1.0800      1.1277    1.1277    0.0000   -2.4188
 1.0825      1.1238    1.1238    0.0000   -2.4188
 1.0850      1.1206    1.1206    0.0000   -2.4188
 1.0875      1.1181    1.1181    0.0000   -2.4188
 1.0900      1.1161    1.1161    0.0000   -2.4188
 1.0925      1.1146    1.1146    0.0000   -2.4188
 1.0950      1.1137    1.1137    0.0000   -2.4188
 1.0975      1.1132    1.1132    0.0000   -2.4188
 1.1000      1.1131    1.1131    0.0000   -2.4188
