    -.45428770643519078000D-01
     .47913202534224144000D+01
     .13909013180023341000D+00
     .56081231781612466000D-02
     .11334376435149616000D+00
     .25735703376820122000D-01
     .59767551631554169000D+01
     .14782291127191746000D-02
     .27756433179002191000D-02
     .10946948619831990000D-02
     .77326021839483286000D-02
     .11633133902132684000D+02
     .10271317405948123000D+01
     .62507110455243278000D+02
    -.35573578694541346000D+02
     .42743667952655127000D-01
     .16572719324667282000D-01
     .12734100697893011000D+00
     .32441920206316185000D-01
     .24260501687816137000D-01
     .43162034047982897000D+01
     .14777878183658145000D-02
     .25897041700495504000D-01
     .78244222900083759000D-02
     .17639561310368999000D-01
     .12392982348727185000D+02
     .83825848212777798000D+00
     .47885290396427883000D+02
     .12230638952792789000D+01
