

 DIST  Na:   FLUX      FEKM      FIKM
 1.0000    124.9660  124.9660    0.0000
 1.0025    118.9048  118.9048    0.0000
 1.0050    112.8554  112.8554    0.0000
 1.0075    106.8991  106.8991    0.0000
 1.0100    101.0886  101.0886    0.0000
 1.0125     95.4618   95.4618    0.0000
 1.0150     90.0467   90.0467    0.0000
 1.0175     84.8640   84.8640    0.0000
 1.0200     79.9275   79.9275    0.0000
 1.0225     75.2453   75.2453    0.0000
 1.0250     70.8207   70.8207    0.0000
 1.0275     66.6524   66.6524    0.0000
 1.0300     62.7352   62.7352    0.0000
 1.0325     59.0613   59.0613    0.0000
 1.0350     55.6202   55.6202    0.0000
 1.0375     52.3998   52.3998    0.0000
 1.0400     49.3866   49.3866    0.0000
 1.0425     46.5663   46.5663    0.0000
 1.0450     43.9245   43.9245    0.0000
 1.0475     41.4466   41.4466    0.0000
 1.0500     39.1183   39.1183    0.0000
 1.0525     36.9257   36.9257    0.0000
 1.0550     34.8556   34.8556    0.0000
 1.0575     32.8958   32.8958    0.0000
 1.0600     31.0345   31.0345    0.0000
 1.0625     29.2610   29.2610    0.0000
 1.0650     27.5657   27.5657    0.0000
 1.0675     25.9395   25.9395    0.0000
 1.0700     24.3743   24.3743    0.0000
 1.0725     22.8630   22.8630    0.0000
 1.0750     21.3990   21.3990    0.0000
 1.0775     19.9766   19.9766    0.0000
 1.0800     18.5908   18.5908    0.0000
 1.0825     17.2369   17.2369    0.0000
 1.0850     15.9112   15.9112    0.0000
 1.0875     14.6102   14.6102    0.0000
 1.0900     13.3308   13.3308    0.0000
 1.0925     12.0705   12.0705    0.0000
 1.0950     10.8271   10.8271    0.0000
 1.0975      9.5986    9.5986    0.0000
 1.1000      8.3834    8.3834    0.0000


 DIST  K:     FLUX      FEKM      FIKM
 1.0000      7.1495    7.1495    0.0000
 1.0025      6.8814    6.8814    0.0000
 1.0050      6.6118    6.6118    0.0000
 1.0075      6.3446    6.3446    0.0000
 1.0100      6.0825    6.0825    0.0000
 1.0125      5.8272    5.8272    0.0000
 1.0150      5.5802    5.5802    0.0000
 1.0175      5.3426    5.3426    0.0000
 1.0200      5.1151    5.1151    0.0000
 1.0225      4.8983    4.8983    0.0000
 1.0250      4.6923    4.6923    0.0000
 1.0275      4.4972    4.4972    0.0000
 1.0300      4.3128    4.3128    0.0000
 1.0325      4.1390    4.1390    0.0000
 1.0350      3.9752    3.9752    0.0000
 1.0375      3.8211    3.8211    0.0000
 1.0400      3.6760    3.6760    0.0000
 1.0425      3.5393    3.5393    0.0000
 1.0450      3.4104    3.4104    0.0000
 1.0475      3.2888    3.2888    0.0000
 1.0500      3.1737    3.1737    0.0000
 1.0525      3.0647    3.0647    0.0000
 1.0550      2.9610    2.9610    0.0000
 1.0575      2.8622    2.8622    0.0000
 1.0600      2.7677    2.7677    0.0000
 1.0625      2.6772    2.6772    0.0000
 1.0650      2.5901    2.5901    0.0000
 1.0675      2.5060    2.5060    0.0000
 1.0700      2.4247    2.4247    0.0000
 1.0725      2.3457    2.3457    0.0000
 1.0750      2.2689    2.2689    0.0000
 1.0775      2.1938    2.1938    0.0000
 1.0800      2.1205    2.1205    0.0000
 1.0825      2.0485    2.0485    0.0000
 1.0850      1.9778    1.9778    0.0000
 1.0875      1.9082    1.9082    0.0000
 1.0900      1.8396    1.8396    0.0000
 1.0925      1.7719    1.7719    0.0000
 1.0950      1.7049    1.7049    0.0000
 1.0975      1.6386    1.6386    0.0000
 1.1000      1.5729    1.5729    0.0000


 DIST  Cl:   FLUX      FEKM      FIKM
 1.0000    129.3049  129.3049    0.0000
 1.0025    122.9604  122.9604    0.0000
 1.0050    116.6157  116.6157    0.0000
 1.0075    110.3589  110.3589    0.0000
 1.0100    104.2463  104.2463    0.0000
 1.0125     98.3180   98.3180    0.0000
 1.0150     92.6037   92.6037    0.0000
 1.0175     87.1249   87.1249    0.0000
 1.0200     81.8965   81.8965    0.0000
 1.0225     76.9273   76.9273    0.0000
 1.0250     72.2208   72.2208    0.0000
 1.0275     67.7762   67.7762    0.0000
 1.0300     63.5885   63.5885    0.0000
 1.0325     59.6498   59.6498    0.0000
 1.0350     55.9497   55.9497    0.0000
 1.0375     52.4759   52.4759    0.0000
 1.0400     49.2146   49.2146    0.0000
 1.0425     46.1516   46.1516    0.0000
 1.0450     43.2719   43.2719    0.0000
 1.0475     40.5608   40.5608    0.0000
 1.0500     38.0035   38.0035    0.0000
 1.0525     35.5860   35.5860    0.0000
 1.0550     33.2948   33.2948    0.0000
 1.0575     31.1171   31.1171    0.0000
 1.0600     29.0411   29.0411    0.0000
 1.0625     27.0559   27.0559    0.0000
 1.0650     25.1513   25.1513    0.0000
 1.0675     23.3183   23.3183    0.0000
 1.0700     21.5486   21.5486    0.0000
 1.0725     19.8346   19.8346    0.0000
 1.0750     18.1698   18.1698    0.0000
 1.0775     16.5483   16.5483    0.0000
 1.0800     14.9649   14.9649    0.0000
 1.0825     13.4149   13.4149    0.0000
 1.0850     11.8944   11.8944    0.0000
 1.0875     10.3998   10.3998    0.0000
 1.0900      8.9280    8.9280    0.0000
 1.0925      7.4765    7.4765    0.0000
 1.0950      6.0429    6.0429    0.0000
 1.0975      4.6253    4.6253    0.0000
 1.1000      3.2219    3.2219    0.0000


 DIST  NH4:   FLUX      FEKM      FIKM      JNH3
 1.0000      1.9209    1.9209    0.0000   -1.0033
 1.0025      1.8369    1.8369    0.0000   -1.0033
 1.0050      1.7516    1.7516    0.0000   -1.0033
 1.0075      1.6661    1.6661    0.0000   -1.0033
 1.0100      1.5815    1.5815    0.0000   -1.0033
 1.0125      1.4982    1.4982    0.0000   -1.0033
 1.0150      1.4168    1.4168    0.0000   -1.0033
 1.0175      1.3377    1.3377    0.0000   -1.0033
 1.0200      1.2612    1.2612    0.0000   -1.0033
 1.0225      1.1876    1.1876    0.0000   -1.0033
 1.0250      1.1170    1.1170    0.0000   -1.0033
 1.0275      1.0495    1.0495    0.0000   -1.0033
 1.0300      0.9850    0.9850    0.0000   -1.0033
 1.0325      0.9236    0.9236    0.0000   -1.0033
 1.0350      0.8651    0.8651    0.0000   -1.0033
 1.0375      0.8095    0.8095    0.0000   -1.0033
 1.0400      0.7566    0.7566    0.0000   -1.0033
 1.0425      0.7062    0.7062    0.0000   -1.0033
 1.0450      0.6582    0.6582    0.0000   -1.0033
 1.0475      0.6123    0.6123    0.0000   -1.0033
 1.0500      0.5685    0.5685    0.0000   -1.0033
 1.0525      0.5264    0.5264    0.0000   -1.0033
 1.0550      0.4860    0.4860    0.0000   -1.0033
 1.0575      0.4471    0.4471    0.0000   -1.0033
 1.0600      0.4095    0.4095    0.0000   -1.0033
 1.0625      0.3730    0.3730    0.0000   -1.0033
 1.0650      0.3375    0.3375    0.0000   -1.0033
 1.0675      0.3029    0.3029    0.0000   -1.0033
 1.0700      0.2691    0.2691    0.0000   -1.0033
 1.0725      0.2359    0.2359    0.0000   -1.0033
 1.0750      0.2033    0.2033    0.0000   -1.0033
 1.0775      0.1712    0.1712    0.0000   -1.0033
 1.0800      0.1394    0.1394    0.0000   -1.0033
 1.0825      0.1080    0.1080    0.0000   -1.0033
 1.0850      0.0769    0.0769    0.0000   -1.0033
 1.0875      0.0459    0.0459    0.0000   -1.0033
 1.0900      0.0152    0.0152    0.0000   -1.0033
 1.0925     -0.0154   -0.0154    0.0000   -1.0033
 1.0950     -0.0460   -0.0460    0.0000   -1.0033
 1.0975     -0.0764   -0.0764    0.0000   -1.0033
 1.1000     -0.1069   -0.1069    0.0000   -1.0033
