   -0.39092857977993347718D-01
   -0.11561832833471202164D+02
    0.14247865810871621073D+00
    0.42863994374531221021D-02
    0.11237830106076258929D+00
    0.30342164521391983001D-01
    0.50227855213873082718D+01
    0.14925957493188998868D-02
    0.19583945349757850458D-02
    0.55055222339585221502D-03
    0.49101124911009614432D-02
    0.67164439184483741840D+01
    0.42270477415890567174D+00
    0.44555173748414745205D+02
   -0.84441477394127659295D+02
    0.51798083218245205561D+00
    0.10492596343989494742D-01
    0.15664726960994729277D+00
    0.80278242030339917734D-02
    0.27154361134204805378D-01
    0.24869124580248453960D+01
    0.14941600804563948211D-02
    0.24884548648962938333D-01
    0.38703561791259750470D-02
    0.81591157192039374946D-02
    0.12316732453313305129D+02
    0.42886055310611687075D+00
    0.24650229960905051030D+02
   -0.43271367975498733927D+02
    0.14282033628394374958D+00
    0.18212714363093567005D-01
    0.15301581486995702308D+00
    0.26628895252590580045D-01
    0.30238398075686245131D-01
    0.39101088517947810708D+01
    0.13525664548240071573D-02
    0.20285369911009158012D-01
    0.44546466089805990610D-02
    0.10969975358454854206D-01
    0.14072816379217192306D+02
    0.69184813413393386750D+00
    0.34804078090129038969D+02
   -0.37561262258506189937D+02
    0.15807809063939093353D+00
    0.16076149963438937651D-01
    0.15345948913261567292D+00
    0.31290736374691076327D-01
    0.41259536865638130054D-01
    0.42164244198073674852D+01
    0.14457884777373335682D-02
    0.24156364223570554045D-01
    0.41922946399598716091D-02
    0.72365047481801310705D-02
    0.96559945399228279683D+01
    0.37516012161659501034D+00
    0.27505531279821227031D+02
   -0.20997178028347192935D+02
    0.12000000000000000000D+02
    0.55000000000000000278D-01
    0.40000000000000000833D-02
    0.34197644999999998738D-01
    0.21000000000000001305D-01
    0.44119999999999981455D+01
    0.15000000000000000312D-02
    0.29481699999999999573D-02
    0.10518299999999999091D-02
    0.29999999999999998890D-01
    0.39385999999999988574D+02
    0.31458139999999996661D+01
    0.56547873239471513784D+02
    0.99999999999999936162D-01
    0.00000000000000000000D+00
