   -0.40563250733004582727D-01
   -0.24004802327598856238D+02
    0.14074932163392225859D+00
    0.52041322070453038470D-02
    0.11780055890913551653D+00
    0.24361890736794396956D-01
    0.88625036575138480544D+01
    0.14962923374617347495D-02
    0.15533588557921224060D-02
    0.95966021743757877645D-03
    0.51667140233441722838D-02
    0.19903201648446329219D+01
    0.27527581982404381034D+00
    0.97914160146683954622D+02
   -0.77759605721993082739D+02
    0.96081509222280736537D+00
    0.49662755920883375899D-02
    0.15680008898328651190D+00
    0.15425006953240998075D-01
    0.40380264852143493703D-01
    0.41832085254731454782D+01
    0.14971047508200484646D-02
    0.35923056902579533767D-01
    0.63199536687473722649D-02
    0.16665501608833840214D-01
    0.25450036498913473082D+01
    0.10023708896119697120D+00
    0.27883058990147638667D+02
   -0.40850492760731576425D+02
    0.87780918552586628678D-01
    0.16546128615541135648D-01
    0.14465972177404165522D+00
    0.26175617020059306628D-01
    0.21229982893732440158D-01
    0.43601227933831570027D+01
    0.14924537822242295391D-02
    0.20109727863761670680D-01
    0.70138347135720617229D-02
    0.26613622818686934191D-01
    0.24429234157004167116D+01
    0.19074739419269218232D+00
    0.55277595419781675901D+02
   -0.35192883912364500532D+02
    0.68576810890544570576D-01
    0.15849227928664728904D-01
    0.14971309031765220321D+00
    0.37750164199562064038D-01
    0.20264911451838615170D-01
    0.43373322793690842758D+01
    0.14855776068226328023D-02
    0.21756857717757212278D-01
    0.79081411635736516275D-02
    0.13400220895019519449D-01
    0.21854197638975980666D+01
    0.17783307392887992560D+00
    0.57607370297834577855D+02
   -0.53913191528470918001D+02
    0.85426253657953736820D+01
    0.12452536890605615458D-01
    0.75308719216011565933D-01
    0.70462525045421040004D-01
    0.81912712899387500609D-02
    0.44586993175406782086D+02
    0.15008011166550701103D-02
    0.13269561397630559585D-02
    0.12266303377372814523D-01
    0.94449031834233268534D-01
    0.28083780370959701145D+01
    0.58118196532899739637D+01
    0.14650651667257745885D+04
    0.10104845746400452526D+04
    0.00000000000000000000D+00
