    -.21431315780336248000D-02
     .22555659732010111000D+01
     .14072236158795503000D+00
     .46132548241128419000D-02
     .11415750301263681000D+00
     .25596645840985976000D-01
     .60493135436312170000D+01
     .14981985599558445000D-02
     .27692796355287016000D-02
     .11114497887284703000D-02
     .49710684383950931000D-02
     .11891660581305901000D+02
     .10684778916864337000D+01
     .63609654341815556000D+02
    -.78108983566093513000D+02
     .34396314382417403000D+00
     .12568262303985345000D-01
     .15111014590877946000D+00
     .12654908521040579000D-01
     .22051492370358041000D-01
     .39262391321336553000D+01
     .14986078300414933000D-02
     .24727952090783038000D-01
     .74769919234834473000D-02
     .49785346478415206000D-02
     .13303648419697999000D+02
     .90055350322647564000D+00
     .47922422188906843000D+02
    -.47841605991478523000D+02
     .14398759006634931000D+00
     .14263219650640389000D-01
     .15604051922730069000D+00
     .24551514608504222000D-01
     .42098206480902088000D-01
     .43028824999237862000D+01
     .14744407978998078000D-02
     .25271735756683174000D-01
     .43866296003298131000D-02
     .49849940033169573000D-02
     .13354215874906795000D+02
     .51893658009445942000D+00
     .27510335888078383000D+02
    -.15783356726722118000D+02
