     .29833735797338067000D-04
     .19140965059023367000D+01
     .14077328633339905000D+00
     .45653863283077631000D-02
     .11422014526981411000D+00
     .25364278849443634000D-01
     .51367438268084182000D+01
     .14991012084574920000D-02
     .28912408677484137000D-02
     .99437436604805830000D-03
     .49754378917547343000D-02
     .13280694137365712000D+02
     .10225530504421096000D+01
     .54508653669940187000D+02
    -.79209774929150498000D+02
     .35816036726326921000D+00
     .12425535408618041000D-01
     .15158998447021057000D+00
     .12712545326371896000D-01
     .24074596732680052000D-01
     .38556856222755708000D+01
     .14992660116221493000D-02
     .25147981843104266000D-01
     .68398407530982155000D-02
     .49817765003341580000D-02
     .14311543673773938000D+02
     .87142248238016195000D+00
     .43106490030918251000D+02
    -.38183543425064179000D+02
     .12971896844424174000D+00
     .16992134307666176000D-01
     .15250389979577971000D+00
     .31502238800024166000D-01
     .31222026618057108000D-01
     .43336389733480293000D+01
     .14841745627180112000D-02
     .25536524439972813000D-01
     .60194066669959113000D-02
     .49872603173001734000D-02
     .14067997182605251000D+02
     .74237544157935342000D+00
     .37358695705607523000D+02
    -.18385417774618392000D+02
     .00000000000000000000D+00
     .14000000000000001000D+00
     .50000000000000001000D-02
     .11408459899999999000D+00
     .25000000000000001000D-01
     .44119999999999981000D+01
     .15000000000000000000D-02
     .30007150000000001000D-02
     .89928499999999999000D-03
     .50000000000000001000D-02
     .14685999999999999000D+02
     .98531399999999991000D+00
     .47500213521156112000D+02
     .18000000000000000000D+04
     .00000000000000000000D+00
