     .86866240979008704000D-01
    -.34792492195578539000D+02
     .29011610082884631000D+00
     .97203607510120519000D-02
     .26986562596130264000D+00
     .26501180275346120000D-01
     .43694741019146796000D+01
     .14999704260503913000D-02
     .30389886363614191000D-02
     .85092894502670861000D-03
     .19519022141020293000D-01
     .55183958377423593000D+02
     .34592064969185778000D+01
     .44377621321004092000D+02
    -.74178259379340843000D+02
     .24393952205464425000D+00
     .38868736750759878000D-01
     .21819919563150619000D+00
     .50107962030275447000D-01
     .10351550157652199000D-01
     .43841996819569937000D+01
     .15001780230619629000D-02
     .66850252211081186000D-02
     .48082633147677363000D-02
     .18195911538392506000D-01
     .16453514134752467000D+03
     .26493741180904024000D+02
     .11399478982265017000D+03
     .35517802319353051000D+01
     .11993331493780337000D+02
     .27728837519146687000D+00
     .10069393702726050000D-01
     .25280943250616733000D+00
     .24720069558211082000D-01
     .43957559012190667000D+01
     .15027842135601390000D-02
     .59938579045267295000D-02
     .18100500320577033000D-02
     .10026270076684586000D-01
     .58715410004700437000D+02
     .39694986859166441000D+01
     .47861239987353094000D+02
     .36000000000000000000D+04
     .00000000000000000000D+00
