

 DIST  Na:   FLUX      FEKM      FIKM     JNKCC     JNHE3    Na,K-ATP   JNAHS      JNAB
 0.0000    252.6504   -7.9042  260.5547  120.4391  139.9959  301.4243  -36.5533  -73.0516
 0.0025    253.6645   -7.6979  261.3623  120.8665  140.3768  302.1786  -36.5144  -72.9795
 0.0050    254.6282   -7.4681  262.0963  121.3157  140.6622  302.8715  -36.4856  -72.9289
 0.0075    255.5973   -7.2171  262.8144  121.7742  140.9224  303.5480  -36.4564  -72.8771
 0.0100    256.5733   -6.9462  263.5195  122.2416  141.1606  304.2108  -36.4266  -72.8239
 0.0125    257.5569   -6.6566  264.2135  122.7176  141.3793  304.8618  -36.3962  -72.7693
 0.0150    258.5488   -6.3493  264.8981  123.2018  141.5803  305.5026  -36.3652  -72.7134
 0.0175    259.5494   -6.0254  265.5748  123.6939  141.7655  306.1350  -36.3337  -72.6561
 0.0200    260.5591   -5.6859  266.2450  124.1937  141.9365  306.7601  -36.3016  -72.5976
 0.0225    261.5781   -5.3317  266.9099  124.7008  142.0948  307.3794  -36.2690  -72.5378
 0.0250    262.6067   -4.9638  267.5706  125.2151  142.2418  307.9937  -36.2359  -72.4769
 0.0275    263.6451   -4.5830  268.2281  125.7364  142.3787  308.6043  -36.2022  -72.4148
 0.0300    264.6932   -4.1901  268.8833  126.2643  142.5067  309.2120  -36.1681  -72.3516
 0.0325    265.7511   -3.7860  269.5371  126.7987  142.6266  309.8176  -36.1335  -72.2872
 0.0350    266.8188   -3.3713  270.1901  127.3394  142.7395  310.4218  -36.0983  -72.2218
 0.0375    267.8962   -2.9468  270.8430  127.8862  142.8461  311.0253  -36.0627  -72.1554
 0.0400    268.9832   -2.5131  271.4963  128.4390  142.9473  311.6287  -36.0267  -72.0879
 0.0425    270.0796   -2.0710  272.1506  128.9975  143.0437  312.2324  -35.9901  -72.0194
 0.0450    271.1853   -1.6209  272.8062  129.5615  143.1359  312.8370  -35.9531  -71.9500
 0.0475    272.3001   -1.1636  273.4637  130.1310  143.2244  313.4428  -35.9157  -71.8796
 0.0500    273.4237   -0.6996  274.1233  130.7058  143.3099  314.0502  -35.8778  -71.8082
 0.0525    274.5560   -0.2294  274.7853  131.2857  143.3926  314.6595  -35.8395  -71.7360
 0.0550    275.6966    0.2465  275.4501  131.8705  143.4731  315.2710  -35.8007  -71.6629
 0.0575    276.8453    0.7276  276.1177  132.4601  143.5517  315.8848  -35.7616  -71.5889
 0.0600    278.0018    1.2134  276.7884  133.0544  143.6288  316.5013  -35.7220  -71.5140
 0.0625    279.1658    1.7034  277.4624  133.6532  143.7045  317.1205  -35.6820  -71.4384
 0.0650    280.3370    2.1972  278.1397  134.2564  143.7793  317.7426  -35.6417  -71.3619
 0.0675    281.5150    2.6945  278.8205  134.8639  143.8532  318.3676  -35.6009  -71.2846
 0.0700    282.6996    3.1948  279.5048  135.4754  143.9266  318.9956  -35.5598  -71.2066
 0.0725    283.8903    3.6977  280.1926  136.0908  143.9995  319.6268  -35.5183  -71.1279
 0.0750    285.0869    4.2029  280.8840  136.7101  144.0722  320.2610  -35.4764  -71.0484
 0.0775    286.2889    4.7100  281.5789  137.3330  144.1448  320.8984  -35.4342  -70.9682
 0.0800    287.4960    5.2188  282.2773  137.9594  144.2174  321.5388  -35.3916  -70.8873
 0.0825    288.7079    5.7288  282.9791  138.5891  144.2901  322.1823  -35.3487  -70.8057
 0.0850    289.9241    6.2398  283.6843  139.2221  144.3630  322.8287  -35.3055  -70.7236
 0.0875    291.1443    6.7515  284.3928  139.8580  144.4362  323.4780  -35.2620  -70.6408
 0.0900    292.3680    7.2636  285.1044  140.4968  144.5096  324.1301  -35.2182  -70.5574
 0.0925    293.5948    7.7757  285.8191  141.1383  144.5834  324.7849  -35.1741  -70.4735
 0.0950    294.8244    8.2878  286.5366  141.7823  144.6575  325.4422  -35.1297  -70.3890
 0.0975    296.0563    8.7994  287.2568  142.4287  144.7320  326.1019  -35.0850  -70.3040
 0.1000    297.2900    9.3105  287.9796  143.0771  144.8069  326.7638  -35.0401  -70.2186
 0.1025    298.5252    9.8206  288.7046  143.7276  144.8822  327.4277  -34.9950  -70.1327
 0.1050    299.7614   10.3296  289.4318  144.3797  144.9578  328.0935  -34.9496  -70.0463
 0.1075    300.9981   10.8372  290.1609  145.0334  145.0338  328.7609  -34.9041  -69.9596
 0.1100    302.2348   11.3433  290.8915  145.6884  145.1101  329.4296  -34.8583  -69.8726
 0.1125    303.4711   11.8477  291.6235  146.3444  145.1866  330.0995  -34.8124  -69.7852
 0.1150    304.7065   12.3500  292.3565  147.0013  145.2634  330.7703  -34.7664  -69.6976
 0.1175    305.9405   12.8501  293.0903  147.6588  145.3404  331.4417  -34.7202  -69.6097
 0.1200    307.1725   13.3479  293.8246  148.3166  145.4174  332.1134  -34.6739  -69.5217
 0.1225    308.4020   13.8431  294.5589  148.9744  145.4945  332.7850  -34.6275  -69.4335
 0.1250    309.6285   14.3355  295.2930  149.6321  145.5716  333.4564  -34.5811  -69.3452
 0.1275    310.8514   14.8250  296.0265  150.2891  145.6487  334.1270  -34.5347  -69.2569
 0.1300    312.0702   15.3113  296.7589  150.9454  145.7255  334.7967  -34.4882  -69.1685
 0.1325    313.2842   15.7942  297.4900  151.6005  145.8021  335.4649  -34.4417  -69.0803
 0.1350    314.4929   16.2737  298.2192  152.2541  145.8783  336.1314  -34.3954  -68.9921
 0.1375    315.6955   16.7494  298.9461  152.9059  145.9541  336.7957  -34.3491  -68.9042
 0.1400    316.8916   17.2212  299.6704  153.5555  146.0294  337.4573  -34.3029  -68.8165
 0.1425    318.0804   17.6890  300.3914  154.2025  146.1040  338.1160  -34.2568  -68.7291
 0.1450    319.2613   18.1526  301.1087  154.8465  146.1780  338.7711  -34.2110  -68.6421
 0.1475    320.4335   18.6117  301.8218  155.4872  146.2511  339.4223  -34.1654  -68.5556
 0.1500    321.5964   19.0662  302.5302  156.1240  146.3232  340.0690  -34.1200  -68.4696
 0.1525    322.7492   19.5159  303.2333  156.7566  146.3944  340.7108  -34.0750  -68.3842
 0.1550    323.8912   19.9607  303.9305  157.3845  146.4644  341.3471  -34.0303  -68.2995
 0.1575    325.0216   20.4003  304.6213  158.0072  146.5331  341.9775  -33.9860  -68.2157
 0.1600    326.1396   20.8345  305.3051  158.6242  146.6005  342.6012  -33.9422  -68.1327
 0.1625    327.2444   21.2632  305.9812  159.2350  146.6664  343.2179  -33.8988  -68.0507
 0.1650    328.3352   21.6862  306.6490  159.8391  146.7308  343.8269  -33.8560  -67.9698
 0.1675    329.4111   22.1033  307.3078  160.4359  146.7935  344.4277  -33.8139  -67.8901
 0.1700    330.4713   22.5143  307.9571  161.0249  146.8544  345.0195  -33.7723  -67.8118
 0.1725    331.5150   22.9189  308.5960  161.6055  146.9134  345.6018  -33.7316  -67.7348
 0.1750    332.5410   23.3171  309.2239  162.1771  146.9704  346.1740  -33.6916  -67.6594
 0.1775    333.5487   23.7086  309.8401  162.7390  147.0253  346.7354  -33.6524  -67.5856
 0.1800    334.5370   24.0932  310.4438  163.2906  147.0780  347.2854  -33.6142  -67.5137
 0.1825    335.5050   24.4707  311.0343  163.8314  147.1284  347.8232  -33.5770  -67.4437
 0.1850    336.4516   24.8408  311.6108  164.3605  147.1764  348.3482  -33.5408  -67.3757
 0.1875    337.3760   25.2035  312.1726  164.8773  147.2219  348.8596  -33.5058  -67.3099
 0.1900    338.2771   25.5584  312.7188  165.3812  147.2649  349.3569  -33.4720  -67.2465
 0.1925    339.1540   25.9054  313.2486  165.8713  147.3052  349.8392  -33.4394  -67.1856
 0.1950    340.0055   26.2442  313.7613  166.3471  147.3427  350.3058  -33.4083  -67.1273
 0.1975    340.8306   26.5747  314.2559  166.8076  147.3775  350.7560  -33.3786  -67.0719
 0.2000    341.6284   26.8966  314.7318  167.2522  147.4094  351.1890  -33.3504  -67.0194


 DIST  K:     FLUX      FEKM      FIKM     JNKCC      GIKM    Na,K-ATP    JKCC    GIKS+GJK
 0.0000      2.2340    1.4026    0.8314   65.0079  -64.1765 -147.0185   68.8501   78.9999
 0.0025      2.8192    1.4293    1.3899   65.1203  -63.7304 -147.3337   69.3728   79.3508
 0.0050      3.4010    1.4542    1.9468   65.2671  -63.3203 -147.6434   69.9056   79.6846
 0.0075      3.9740    1.4776    2.4964   65.4339  -62.9375 -147.9480   70.4481   79.9963
 0.0100      4.5371    1.4994    3.0377   65.6186  -62.5810 -148.2485   71.0002   80.2859
 0.0125      5.0896    1.5196    3.5700   65.8196  -62.2496 -148.5455   71.5621   80.5534
 0.0150      5.6312    1.5383    4.0929   66.0353  -61.9424 -148.8396   72.1336   80.7988
 0.0175      6.1613    1.5554    4.6059   66.2642  -61.6584 -149.1314   72.7149   81.0224
 0.0200      6.6798    1.5711    5.1086   66.5052  -61.3966 -149.4214   73.3059   81.2241
 0.0225      7.1864    1.5854    5.6010   66.7571  -61.1561 -149.7100   73.9067   81.4043
 0.0250      7.6810    1.5982    6.0828   67.0187  -60.9360 -149.9976   74.5172   81.5632
 0.0275      8.1635    1.6097    6.5538   67.2892  -60.7354 -150.2844   75.1375   81.7008
 0.0300      8.6339    1.6197    7.0142   67.5677  -60.5535 -150.5709   75.7676   81.8176
 0.0325      9.0923    1.6285    7.4638   67.8533  -60.3895 -150.8573   76.4075   81.9136
 0.0350      9.5388    1.6359    7.9028   68.1453  -60.2425 -151.1438   77.0573   81.9893
 0.0375      9.9734    1.6421    8.3313   68.4431  -60.1118 -151.4306   77.7171   82.0448
 0.0400     10.3963    1.6471    8.7492   68.7459  -59.9967 -151.7180   78.3868   82.0805
 0.0425     10.8077    1.6508    9.1569   69.0533  -59.8964 -152.0060   79.0664   82.0965
 0.0450     11.2077    1.6533    9.5544   69.3647  -59.8102 -152.2948   79.7562   82.0931
 0.0475     11.5967    1.6547    9.9420   69.6795  -59.7375 -152.5846   80.4559   82.0707
 0.0500     11.9748    1.6549   10.3199   69.9975  -59.6776 -152.8754   81.1658   82.0294
 0.0525     12.3423    1.6541   10.6882   70.3180  -59.6298 -153.1672   81.8859   81.9695
 0.0550     12.6993    1.6521   11.0472   70.6408  -59.5935 -153.4603   82.6162   81.8913
 0.0575     13.0463    1.6491   11.3972   70.9654  -59.5682 -153.7546   83.3568   81.7950
 0.0600     13.3834    1.6450   11.7384   71.2916  -59.5532 -154.0501   84.1077   81.6808
 0.0625     13.7109    1.6399   12.0709   71.6190  -59.5480 -154.3470   84.8689   81.5490
 0.0650     14.0291    1.6339   12.3952   71.9472  -59.5520 -154.6451   85.6406   81.3997
 0.0675     14.3382    1.6268   12.7114   72.2761  -59.5648 -154.9446   86.4227   81.2332
 0.0700     14.6385    1.6188   13.0197   72.6054  -59.5857 -155.2453   87.2154   81.0496
 0.0725     14.9304    1.6099   13.3205   72.9347  -59.6142 -155.5473   88.0187   80.8492
 0.0750     15.2140    1.6000   13.6139   73.2639  -59.6500 -155.8506   88.8325   80.6320
 0.0775     15.4896    1.5893   13.9003   73.5927  -59.6924 -156.1551   89.6571   80.3983
 0.0800     15.7574    1.5777   14.1798   73.9209  -59.7411 -156.4607   90.4923   80.1482
 0.0825     16.0178    1.5652   14.4527   74.2482  -59.7955 -156.7675   91.3383   79.8818
 0.0850     16.2710    1.5518   14.7192   74.5745  -59.8553 -157.0753   92.1952   79.5993
 0.0875     16.5171    1.5376   14.9795   74.8995  -59.9200 -157.3842   93.0629   79.3008
 0.0900     16.7565    1.5226   15.2339   75.2231  -59.9892 -157.6939   93.9415   78.9863
 0.0925     16.9894    1.5068   15.4826   75.5450  -60.0624 -158.0044   94.8310   78.6560
 0.0950     17.2160    1.4902   15.7257   75.8650  -60.1392 -158.3157   95.7315   78.3099
 0.0975     17.4364    1.4729   15.9636   76.1829  -60.2193 -158.6276   96.6430   77.9481
 0.1000     17.6510    1.4547   16.1962   76.4985  -60.3023 -158.9400   97.5655   77.5707
 0.1025     17.8598    1.4358   16.4240   76.8117  -60.3877 -159.2528   98.4991   77.1777
 0.1050     18.0631    1.4162   16.6469   77.1221  -60.4752 -159.5659   99.4438   76.7691
 0.1075     18.2611    1.3958   16.8653   77.4297  -60.5644 -159.8792  100.3996   76.3449
 0.1100     18.4539    1.3747   17.0792   77.7342  -60.6550 -160.1925  101.3665   75.9051
 0.1125     18.6417    1.3529   17.2888   78.0353  -60.7465 -160.5056  102.3446   75.4498
 0.1150     18.8246    1.3303   17.4943   78.3329  -60.8386 -160.8185  103.3338   74.9790
 0.1175     19.0028    1.3071   17.6957   78.6267  -60.9310 -161.1309  104.3341   74.4925
 0.1200     19.1764    1.2832   17.8932   78.9165  -61.0233 -161.4427  105.3456   73.9904
 0.1225     19.3456    1.2586   18.0870   79.2021  -61.1151 -161.7537  106.3681   73.4726
 0.1250     19.5104    1.2333   18.2771   79.4833  -61.2061 -162.0637  107.4018   72.9390
 0.1275     19.6710    1.2074   18.4636   79.7596  -61.2960 -162.3726  108.4466   72.3897
 0.1300     19.8275    1.1808   18.6467   80.0310  -61.3844 -162.6801  109.5024   71.8244
 0.1325     19.9799    1.1535   18.8264   80.2972  -61.4708 -162.9861  110.5692   71.2432
 0.1350     20.1283    1.1257   19.0027   80.5578  -61.5551 -163.2902  111.6470   70.6459
 0.1375     20.2729    1.0971   19.1758   80.8126  -61.6369 -163.5923  112.7357   70.0324
 0.1400     20.4136    1.0679   19.3456   81.0613  -61.7157 -163.8922  113.8353   69.4025
 0.1425     20.5505    1.0381   19.5123   81.3036  -61.7913 -164.1896  114.9457   68.7563
 0.1450     20.6837    1.0077   19.6759   81.5392  -61.8633 -164.4843  116.0668   68.0934
 0.1475     20.8131    0.9767   19.8364   81.7677  -61.9313 -164.7759  117.1984   67.4139
 0.1500     20.9388    0.9450   19.9938   81.9888  -61.9950 -165.0643  118.3407   66.7175
 0.1525     21.0609    0.9128   20.1481   82.2021  -62.0540 -165.3491  119.4933   66.0040
 0.1550     21.1793    0.8799   20.2994   82.4074  -62.1080 -165.6301  120.6562   65.2733
 0.1575     21.2940    0.8465   20.4476   82.6042  -62.1566 -165.9070  121.8293   64.5253
 0.1600     21.4050    0.8124   20.5926   82.7921  -62.1995 -166.1794  123.0124   63.7597
 0.1625     21.5123    0.7778   20.7345   82.9707  -62.2362 -166.4471  124.2053   62.9763
 0.1650     21.6158    0.7426   20.8732   83.1396  -62.2664 -166.7098  125.4079   62.1750
 0.1675     21.7155    0.7068   21.0087   83.2984  -62.2898 -166.9670  126.6201   61.3556
 0.1700     21.8114    0.6705   21.1408   83.4467  -62.3059 -167.2185  127.8416   60.5178
 0.1725     21.9033    0.6336   21.2696   83.5839  -62.3143 -167.4639  129.0721   59.6614
 0.1750     21.9912    0.5962   21.3950   83.7097  -62.3147 -167.7029  130.3116   58.7863
 0.1775     22.0750    0.5583   21.5167   83.8235  -62.3067 -167.9351  131.5597   57.8922
 0.1800     22.1546    0.5198   21.6349   83.9248  -62.2899 -168.1601  132.8161   56.9789
 0.1825     22.2300    0.4808   21.7492   84.0131  -62.2639 -168.3776  134.0806   56.0462
 0.1850     22.3009    0.4412   21.8597   84.0880  -62.2283 -168.5871  135.3530   55.0938
 0.1875     22.3673    0.4012   21.9661   84.1487  -62.1826 -168.7883  136.6328   54.1217
 0.1900     22.4291    0.3607   22.0683   84.1949  -62.1266 -168.9808  137.9197   53.1295
 0.1925     22.4860    0.3198   22.1663   84.2260  -62.0597 -169.1642  139.2134   52.1170
 0.1950     22.5380    0.2784   22.2597   84.2412  -61.9816 -169.3380  140.5135   51.0842
 0.1975     22.5849    0.2365   22.3484   84.2402  -61.8918 -169.5018  141.8195   50.0307
 0.2000     22.6265    0.1942   22.4323   84.2222  -61.7899 -169.6552  143.1311   48.9564


 DIST  Cl:   FLUX      FEKM      FIKM     JNKCC      JKCC      JCLB    GIKS+GJK
 0.0000    201.0545  -39.8090  240.8635  240.8781   56.9542   -1.9902  185.8995
 0.0025    202.7560  -38.9623  241.7183  241.7329   57.5365   -1.9563  186.1381
 0.0050    204.4801  -38.1366  242.6167  242.6313   58.1353   -1.9198  186.4012
 0.0075    206.2030  -37.3309  243.5339  243.5484   58.7444   -1.8836  186.6731
 0.0100    207.9244  -36.5444  244.4687  244.4833   59.3637   -1.8479  186.9529
 0.0125    209.6441  -35.7765  245.4207  245.4352   59.9934   -1.8124  187.2397
 0.0150    211.3622  -35.0269  246.3890  246.4036   60.6334   -1.7772  187.5329
 0.0175    213.0785  -34.2948  247.3733  247.3878   61.2837   -1.7422  187.8317
 0.0200    214.7931  -33.5798  248.3728  248.3873   61.9445   -1.7073  188.1357
 0.0225    216.5058  -32.8814  249.3871  249.4016   62.6157   -1.6726  188.4440
 0.0250    218.2166  -32.1992  250.4158  250.4303   63.2974   -1.6379  188.7563
 0.0275    219.9256  -31.5326  251.4582  251.4727   63.9897   -1.6034  189.0719
 0.0300    221.6327  -30.8814  252.5141  252.5286   64.6926   -1.5688  189.3903
 0.0325    223.3379  -30.2451  253.5829  253.5974   65.4062   -1.5343  189.7110
 0.0350    225.0412  -29.6232  254.6644  254.6788   66.1305   -1.4997  190.0336
 0.0375    226.7426  -29.0154  255.7580  255.7725   66.8656   -1.4651  190.3575
 0.0400    228.4421  -28.4214  256.8635  256.8780   67.6116   -1.4304  190.6823
 0.0425    230.1397  -27.8408  257.9805  257.9949   68.3685   -1.3957  191.0077
 0.0450    231.8354  -27.2732  259.1086  259.1231   69.1365   -1.3609  191.3330
 0.0475    233.5292  -26.7184  260.2476  260.2621   69.9155   -1.3259  191.6581
 0.0500    235.2211  -26.1760  261.3972  261.4116   70.7057   -1.2908  191.9823
 0.0525    236.9111  -25.6457  262.5569  262.5713   71.5071   -1.2556  192.3054
 0.0550    238.5992  -25.1273  263.7265  263.7410   72.3198   -1.2202  192.6270
 0.0575    240.2853  -24.6205  264.9058  264.9202   73.1438   -1.1847  192.9466
 0.0600    241.9695  -24.1249  266.0944  266.1088   73.9794   -1.1490  193.2640
 0.0625    243.6517  -23.6404  267.2920  267.3065   74.8265   -1.1131  193.5786
 0.0650    245.3318  -23.1666  268.4984  268.5129   75.6852   -1.0770  193.8902
 0.0675    247.0099  -22.7033  269.7133  269.7277   76.5555   -1.0407  194.1984
 0.0700    248.6859  -22.2504  270.9363  270.9507   77.4377   -1.0042  194.5028
 0.0725    250.3597  -21.8075  272.1672  272.1817   78.3317   -0.9675  194.8030
 0.0750    252.0313  -21.3744  273.4057  273.4202   79.2377   -0.9306  195.0986
 0.0775    253.7005  -20.9510  274.6515  274.6660   80.1556   -0.8935  195.3894
 0.0800    255.3674  -20.5369  275.9043  275.9188   81.0857   -0.8561  195.6748
 0.0825    257.0317  -20.1321  277.1638  277.1783   82.0278   -0.8185  195.9545
 0.0850    258.6935  -19.7362  278.4297  278.4441   82.9822   -0.7807  196.2281
 0.0875    260.3525  -19.3491  279.7016  279.7160   83.9490   -0.7426  196.4952
 0.0900    262.0086  -18.9706  280.9792  280.9937   84.9280   -0.7043  196.7555
 0.0925    263.6617  -18.6005  282.2622  282.2767   85.9195   -0.6658  197.0084
 0.0950    265.3117  -18.2385  283.5502  283.5647   86.9235   -0.6270  197.2537
 0.0975    266.9582  -17.8846  284.8429  284.8574   87.9401   -0.5880  197.4907
 0.1000    268.6013  -17.5386  286.1398  286.1543   88.9693   -0.5487  197.7192
 0.1025    270.2405  -17.2001  287.4407  287.4551   90.0111   -0.5092  197.9387
 0.1050    271.8758  -16.8692  288.7450  288.7594   91.0657   -0.4694  198.1487
 0.1075    273.5068  -16.5455  290.0523  290.0668   92.1331   -0.4295  198.3487
 0.1100    275.1334  -16.2289  291.3623  291.3767   93.2132   -0.3892  198.5383
 0.1125    276.7551  -15.9192  292.6744  292.6889   94.3062   -0.3488  198.7169
 0.1150    278.3718  -15.6163  293.9881  294.0026   95.4121   -0.3081  198.8841
 0.1175    279.9831  -15.3200  295.3031  295.3176   96.5309   -0.2671  199.0393
 0.1200    281.5886  -15.0301  296.6187  296.6332   97.6627   -0.2260  199.1820
 0.1225    283.1880  -14.7464  297.9344  297.9489   98.8074   -0.1846  199.3116
 0.1250    284.7809  -14.4687  299.2496  299.2641   99.9650   -0.1430  199.4276
 0.1275    286.3669  -14.1969  300.5638  300.5783  101.1357   -0.1012  199.5293
 0.1300    287.9455  -13.9308  301.8763  301.8908  102.3193   -0.0592  199.6162
 0.1325    289.5163  -13.6702  303.1866  303.2010  103.5158   -0.0169  199.6877
 0.1350    291.0789  -13.4149  304.4938  304.5083  104.7253    0.0255  199.7430
 0.1375    292.6326  -13.1648  305.7974  305.8118  105.9477    0.0681  199.7816
 0.1400    294.1769  -12.9196  307.0965  307.1110  107.1829    0.1109  199.8027
 0.1425    295.7114  -12.6791  308.3905  308.4050  108.4310    0.1539  199.8056
 0.1450    297.2354  -12.4432  309.6786  309.6931  109.6919    0.1970  199.7897
 0.1475    298.7482  -12.2117  310.9599  310.9743  110.9655    0.2403  199.7541
 0.1500    300.2492  -11.9844  312.2336  312.2480  112.2517    0.2837  199.6982
 0.1525    301.7377  -11.7610  313.4988  313.5132  113.5505    0.3273  199.6210
 0.1550    303.2131  -11.5414  314.7545  314.7689  114.8617    0.3710  199.5219
 0.1575    304.6746  -11.3253  315.9999  316.0143  116.1852    0.4148  199.3999
 0.1600    306.1213  -11.1126  317.2340  317.2484  117.5210    0.4587  199.2543
 0.1625    307.5526  -10.9030  318.4556  318.4700  118.8688    0.5026  199.0841
 0.1650    308.9675  -10.6963  319.6638  319.6782  120.2286    0.5467  198.8885
 0.1675    310.3652  -10.4923  320.8575  320.8718  121.6002    0.5908  198.6665
 0.1700    311.7448  -10.2907  322.0355  322.0498  122.9833    0.6349  198.4173
 0.1725    313.1054  -10.0913  323.1967  323.2110  124.3779    0.6791  198.1397
 0.1750    314.4460   -9.8939  324.3398  324.3541  125.7836    0.7233  197.8330
 0.1775    315.7655   -9.6982  325.4637  325.4780  127.2002    0.7674  197.4961
 0.1800    317.0631   -9.5040  326.5671  326.5813  128.6276    0.8116  197.1279
 0.1825    318.3376   -9.3109  327.6485  327.6627  130.0654    0.8557  196.7275
 0.1850    319.5880   -9.1189  328.7068  328.7210  131.5133    0.8997  196.2939
 0.1875    320.8131   -8.9275  329.7406  329.7547  132.9711    0.9436  195.8259
 0.1900    322.0118   -8.7365  330.7483  330.7624  134.4383    0.9874  195.3226
 0.1925    323.1829   -8.5457  331.7287  331.7427  135.9147    1.0311  194.7828
 0.1950    324.3254   -8.3548  332.6802  332.6942  137.3999    1.0747  194.2056
 0.1975    325.4378   -8.1634  333.6013  333.6152  138.8934    1.1181  193.5898
 0.2000    326.5191   -7.9714  334.4905  334.5044  140.3948    1.1612  192.9344


 DIST  NH4:   FLUX      FEKM      FIKM      JNH3     JNKCC     JNHE3      GIKM    Na,K-ATP    JKCC    GIKS+GJK    JNH3
 0.0000     15.9729    0.7521   15.2208  -21.2740   55.4311  -69.3129   29.1025  -54.0314  -11.8959  -15.2970   75.1711
 0.0025     16.3076    0.7848   15.5227  -21.0805   55.7461  -69.4380   29.2146  -54.2194  -11.8363  -15.1720   75.6699
 0.0050     16.6722    0.8189   15.8533  -21.0156   56.0486  -69.5148   29.3195  -54.3719  -11.7703  -15.0392   76.0190
 0.0075     17.0314    0.8518   16.1795  -20.9691   56.3403  -69.5736   29.4128  -54.5185  -11.7037  -14.9068   76.3394
 0.0100     17.3859    0.8837   16.5022  -20.9410   56.6230  -69.6158   29.4950  -54.6601  -11.6365  -14.7749   76.6327
 0.0125     17.7363    0.9145   16.8218  -20.9302   56.8980  -69.6430   29.5668  -54.7973  -11.5687  -14.6434   76.9010
 0.0150     18.0830    0.9443   17.1388  -20.9358   57.1665  -69.6567   29.6289  -54.9307  -11.5003  -14.5123   77.1462
 0.0175     18.4267    0.9732   17.4535  -20.9569   57.4297  -69.6579   29.6817  -55.0606  -11.4312  -14.3816   77.3700
 0.0200     18.7676    1.0013   17.7663  -20.9926   57.6885  -69.6478   29.7257  -55.1876  -11.3615  -14.2513   77.5741
 0.0225     19.1060    1.0285   18.0775  -21.0419   57.9438  -69.6276   29.7614  -55.3120  -11.2910  -14.1213   77.7599
 0.0250     19.4424    1.0550   18.3875  -21.1043   58.1964  -69.5981   29.7891  -55.4343  -11.2198  -13.9917   77.9289
 0.0275     19.7770    1.0807   18.6963  -21.1788   58.4471  -69.5602   29.8094  -55.5546  -11.1478  -13.8624   78.0823
 0.0300     20.1101    1.1057   19.0044  -21.2649   58.6966  -69.5147   29.8225  -55.6735  -11.0750  -13.7334   78.2213
 0.0325     20.4418    1.1300   19.3118  -21.3617   58.9454  -69.4624   29.8288  -55.7910  -11.0013  -13.6046   78.3470
 0.0350     20.7725    1.1538   19.6187  -21.4687   59.1941  -69.4039   29.8286  -55.9075  -10.9268  -13.4761   78.4605
 0.0375     21.1022    1.1769   19.9254  -21.5853   59.4431  -69.3399   29.8221  -56.0232  -10.8515  -13.3479   78.5626
 0.0400     21.4313    1.1994   20.2319  -21.7110   59.6930  -69.2708   29.8096  -56.1383  -10.7752  -13.2199   78.6543
 0.0425     21.7597    1.2213   20.5384  -21.8451   59.9442  -69.1973   29.7914  -56.2530  -10.6979  -13.0921   78.7363
 0.0450     22.0877    1.2427   20.8449  -21.9871   60.1969  -69.1197   29.7677  -56.3674  -10.6197  -12.9646   78.8095
 0.0475     22.4153    1.2636   21.1517  -22.1367   60.4515  -69.0385   29.7387  -56.4818  -10.5404  -12.8372   78.8744
 0.0500     22.7427    1.2840   21.4587  -22.2933   60.7083  -68.9542   29.7045  -56.5961  -10.4602  -12.7101   78.9318
 0.0525     23.0700    1.3039   21.7660  -22.4565   60.9677  -68.8670   29.6654  -56.7106  -10.3789  -12.5831   78.9822
 0.0550     23.3972    1.3233   22.0738  -22.6258   61.2297  -68.7774   29.6215  -56.8254  -10.2965  -12.4563   79.0262
 0.0575     23.7244    1.3423   22.3821  -22.8010   61.4947  -68.6855   29.5729  -56.9406  -10.2129  -12.3296   79.0643
 0.0600     24.0517    1.3608   22.6909  -22.9815   61.7628  -68.5918   29.5198  -57.0562  -10.1283  -12.2032   79.0970
 0.0625     24.3791    1.3789   23.0002  -23.1672   62.0343  -68.4964   29.4623  -57.1724  -10.0425  -12.0768   79.1247
 0.0650     24.7066    1.3965   23.3101  -23.3575   62.3092  -68.3997   29.4006  -57.2892   -9.9554  -11.9506   79.1479
 0.0675     25.0344    1.4137   23.6207  -23.5523   62.5877  -68.3017   29.3346  -57.4066   -9.8672  -11.8246   79.1668
 0.0700     25.3624    1.4305   23.9319  -23.7512   62.8700  -68.2028   29.2646  -57.5248   -9.7777  -11.6987   79.1819
 0.0725     25.6906    1.4469   24.2437  -23.9538   63.1561  -68.1031   29.1907  -57.6438   -9.6869  -11.5730   79.1935
 0.0750     26.0191    1.4629   24.5562  -24.1600   63.4462  -68.0027   29.1128  -57.7635   -9.5948  -11.4474   79.2019
 0.0775     26.3479    1.4785   24.8694  -24.3695   63.7403  -67.9020   29.0310  -57.8841   -9.5014  -11.3219   79.2073
 0.0800     26.6769    1.4937   25.1832  -24.5820   64.0385  -67.8008   28.9456  -58.0056   -9.4067  -11.1965   79.2101
 0.0825     27.0062    1.5085   25.4977  -24.7972   64.3409  -67.6996   28.8564  -58.1281   -9.3105  -11.0713   79.2104
 0.0850     27.3358    1.5229   25.8129  -25.0150   64.6476  -67.5982   28.7636  -58.2514   -9.2129  -10.9463   79.2085
 0.0875     27.6655    1.5369   26.1287  -25.2350   64.9585  -67.4970   28.6671  -58.3757   -9.1139  -10.8213   79.2046
 0.0900     27.9956    1.5505   26.4451  -25.4572   65.2738  -67.3959   28.5672  -58.5009   -9.0134  -10.6966   79.1988
 0.0925     28.3258    1.5637   26.7620  -25.6812   65.5934  -67.2950   28.4637  -58.6271   -8.9115  -10.5719   79.1914
 0.0950     28.6561    1.5766   27.0796  -25.9068   65.9174  -67.1946   28.3568  -58.7542   -8.8080  -10.4474   79.1824
 0.0975     28.9867    1.5890   27.3977  -26.1339   66.2458  -67.0946   28.2465  -58.8824   -8.7029  -10.3231   79.1721
 0.1000     29.3173    1.6010   27.7162  -26.3623   66.5786  -66.9951   28.1327  -59.0114   -8.5963  -10.1989   79.1605
 0.1025     29.6480    1.6127   28.0353  -26.5918   66.9159  -66.8963   28.0157  -59.1415   -8.4880  -10.0749   79.1479
 0.1050     29.9787    1.6240   28.3547  -26.8222   67.2576  -66.7981   27.8953  -59.2724   -8.3781   -9.9511   79.1342
 0.1075     30.3093    1.6348   28.6745  -27.0533   67.6037  -66.7007   27.7716  -59.4043   -8.2666   -9.8275   79.1195
 0.1100     30.6399    1.6453   28.9946  -27.2850   67.9542  -66.6042   27.6446  -59.5371   -8.1533   -9.7040   79.1041
 0.1125     30.9703    1.6553   29.3150  -27.5170   68.3091  -66.5085   27.5144  -59.6708   -8.0384   -9.5808   79.0879
 0.1150     31.3005    1.6649   29.6356  -27.7493   68.6684  -66.4137   27.3809  -59.8053   -7.9217   -9.4578   79.0710
 0.1175     31.6305    1.6742   29.9563  -27.9816   69.0321  -66.3200   27.2442  -59.9407   -7.8032   -9.3350   79.0536
 0.1200     31.9601    1.6830   30.2771  -28.2138   69.4000  -66.2273   27.1044  -60.0769   -7.6829   -9.2124   79.0355
 0.1225     32.2892    1.6913   30.5979  -28.4457   69.7723  -66.1358   26.9614  -60.2139   -7.5608   -9.0901   79.0170
 0.1250     32.6179    1.6993   30.9186  -28.6772   70.1488  -66.0454   26.8152  -60.3516   -7.4368   -8.9681   78.9979
 0.1275     32.9460    1.7068   31.2392  -28.9082   70.5295  -65.9563   26.6660  -60.4901   -7.3109   -8.8464   78.9784
 0.1300     33.2735    1.7139   31.5596  -29.1384   70.9144  -65.8684   26.5136  -60.6293   -7.1831   -8.7249   78.9585
 0.1325     33.6001    1.7205   31.8796  -29.3677   71.3033  -65.7818   26.3581  -60.7690   -7.0534   -8.6038   78.9382
 0.1350     33.9260    1.7267   32.1993  -29.5960   71.6963  -65.6966   26.1996  -60.9094   -6.9217   -8.4831   78.9176
 0.1375     34.2509    1.7324   32.5185  -29.8231   72.0933  -65.6129   26.0381  -61.0504   -6.7881   -8.3627   78.8965
 0.1400     34.5747    1.7376   32.8371  -30.0489   72.4942  -65.5306   25.8735  -61.1918   -6.6524   -8.2427   78.8751
 0.1425     34.8974    1.7424   33.1550  -30.2732   72.8989  -65.4499   25.7060  -61.3337   -6.5146   -8.1231   78.8533
 0.1450     35.2188    1.7467   33.4721  -30.4958   73.3073  -65.3707   25.5355  -61.4761   -6.3748   -8.0040   78.8312
 0.1475     35.5388    1.7505   33.7883  -30.7167   73.7195  -65.2932   25.3620  -61.6187   -6.2330   -7.8853   78.8087
 0.1500     35.8573    1.7538   34.1036  -30.9357   74.1352  -65.2174   25.1857  -61.7617   -6.0890   -7.7672   78.7857
 0.1525     36.1742    1.7566   34.4177  -31.1525   74.5544  -65.1433   25.0065  -61.9050   -5.9428   -7.6495   78.7624
 0.1550     36.4894    1.7589   34.7305  -31.3672   74.9771  -65.0710   24.8245  -62.0484   -5.7945   -7.5325   78.7387
 0.1575     36.8026    1.7606   35.0420  -31.5795   75.4030  -65.0006   24.6397  -62.1920   -5.6440   -7.4160   78.7145
 0.1600     37.1139    1.7619   35.3520  -31.7892   75.8321  -64.9322   24.4521  -62.3356   -5.4914   -7.3002   78.6899
 0.1625     37.4229    1.7626   35.6604  -31.9963   76.2643  -64.8657   24.2618  -62.4792   -5.3365   -7.1850   78.6647
 0.1650     37.7297    1.7627   35.9670  -32.2006   76.6995  -64.8013   24.0688  -62.6228   -5.1793   -7.0705   78.6390
 0.1675     38.0340    1.7623   36.2717  -32.4019   77.1375  -64.7390   23.8732  -62.7663   -5.0199   -6.9568   78.6128
 0.1700     38.3357    1.7614   36.5743  -32.6000   77.5782  -64.6789   23.6750  -62.9095   -4.8582   -6.8439   78.5859
 0.1725     38.6346    1.7599   36.8748  -32.7949   78.0216  -64.6211   23.4743  -63.0525   -4.6943   -6.7318   78.5584
 0.1750     38.9306    1.7578   37.1729  -32.9864   78.4674  -64.5657   23.2711  -63.1952   -4.5280   -6.6206   78.5302
 0.1775     39.2235    1.7551   37.4684  -33.1743   78.9155  -64.5126   23.0656  -63.3374   -4.3594   -6.5103   78.5014
 0.1800     39.5131    1.7518   37.7614  -33.3585   79.3659  -64.4621   22.8576  -63.4792   -4.1885   -6.4010   78.4717
 0.1825     39.7993    1.7479   38.0514  -33.5387   79.8182  -64.4142   22.6474  -63.6205   -4.0153   -6.2928   78.4412
 0.1850     40.0819    1.7434   38.3385  -33.7150   80.2725  -64.3690   22.4350  -63.7611   -3.8397   -6.1856   78.4099
 0.1875     40.3606    1.7382   38.6224  -33.8870   80.7286  -64.3266   22.2204  -63.9010   -3.6617   -6.0795   78.3777
 0.1900     40.6354    1.7325   38.9029  -34.0547   81.1863  -64.2870   22.0037  -64.0402   -3.4814   -5.9747   78.3445
 0.1925     40.9060    1.7261   39.1799  -34.2179   81.6454  -64.2504   21.7850  -64.1786   -3.2987   -5.8711   78.3104
 0.1950     41.1723    1.7190   39.4532  -34.3764   82.1058  -64.2170   21.5644  -64.3160   -3.1136   -5.7688   78.2751
 0.1975     41.4339    1.7113   39.7226  -34.5302   82.5674  -64.1867   21.3419  -64.4525   -2.9261   -5.6678   78.2388
 0.2000     41.6908    1.7029   39.9879  -34.6790   83.0300  -64.1597   21.1176  -64.5879   -2.7363   -5.5683   78.2014


 DIST  Na:   FLUX      FEKM      FIKM     JNKCC     JNHE3    Na,K-ATP   JNAHS      JNAB
 0.0000    273.2644  -53.6679  326.9324  100.2889  226.5382  366.1889  -35.1523  -71.1493
 0.0025    272.7301  -54.2866  327.0167  100.7729  226.1394  366.2874  -35.1664  -71.1822
 0.0050    272.2346  -55.0104  327.2450  101.1791  225.9624  366.5256  -35.1764  -71.2107
 0.0075    271.8000  -55.6698  327.4698  101.5932  225.7740  366.7574  -35.1839  -71.2339
 0.0100    271.4243  -56.2637  327.6880  102.0176  225.5687  366.9801  -35.1895  -71.2530
 0.0125    271.1060  -56.7956  327.9017  102.4515  225.3493  367.1960  -35.1933  -71.2680
 0.0150    270.8438  -57.2692  328.1130  102.8945  225.1184  367.4071  -35.1952  -71.2790
 0.0175    270.6359  -57.6879  328.3238  103.3460  224.8787  367.6154  -35.1952  -71.2859
 0.0200    270.4809  -58.0548  328.5357  103.8053  224.6320  367.8225  -35.1933  -71.2889
 0.0225    270.3769  -58.3729  328.7498  104.2723  224.3800  368.0295  -35.1895  -71.2880
 0.0250    270.3224  -58.6450  328.9674  104.7464  224.1242  368.2377  -35.1840  -71.2834
 0.0275    270.3155  -58.8736  329.1892  105.2274  223.8657  368.4480  -35.1767  -71.2750
 0.0300    270.3547  -59.0612  329.4159  105.7150  223.6056  368.6611  -35.1676  -71.2630
 0.0325    270.4383  -59.2100  329.6482  106.2090  223.3447  368.8776  -35.1568  -71.2475
 0.0350    270.5645  -59.3221  329.8866  106.7092  223.0836  369.0982  -35.1444  -71.2286
 0.0375    270.7319  -59.3995  330.1313  107.2155  222.8229  369.3232  -35.1303  -71.2063
 0.0400    270.9388  -59.4440  330.3828  107.7276  222.5630  369.5530  -35.1146  -71.1809
 0.0425    271.1837  -59.4575  330.6412  108.2454  222.3042  369.7878  -35.0974  -71.1523
 0.0450    271.4651  -59.4415  330.9066  108.7688  222.0470  370.0279  -35.0787  -71.1206
 0.0475    271.7815  -59.3976  331.1792  109.2976  221.7914  370.2734  -35.0586  -71.0861
 0.0500    272.1317  -59.3273  331.4589  109.8319  221.5376  370.5244  -35.0370  -71.0486
 0.0525    272.5141  -59.2318  331.7459  110.3715  221.2857  370.7809  -35.0141  -71.0084
 0.0550    272.9275  -59.1125  332.0400  110.9163  221.0357  371.0430  -34.9898  -70.9655
 0.0575    273.3707  -58.9706  332.3413  111.4663  220.7876  371.3106  -34.9642  -70.9199
 0.0600    273.8424  -58.8071  332.6495  112.0214  220.5415  371.5837  -34.9374  -70.8719
 0.0625    274.3413  -58.6233  332.9646  112.5816  220.2971  371.8623  -34.9093  -70.8213
 0.0650    274.8665  -58.4200  333.2865  113.1467  220.0545  372.1461  -34.8800  -70.7684
 0.0675    275.4167  -58.1982  333.6149  113.7168  219.8136  372.4352  -34.8496  -70.7132
 0.0700    275.9908  -57.9589  333.9497  114.2918  219.5741  372.7293  -34.8180  -70.6557
 0.0725    276.5880  -57.7028  334.2908  114.8716  219.3360  373.0284  -34.7853  -70.5960
 0.0750    277.2071  -57.4308  334.6379  115.4563  219.0991  373.3322  -34.7516  -70.5341
 0.0775    277.8473  -57.1436  334.9908  116.0458  218.8631  373.6406  -34.7168  -70.4702
 0.0800    278.5075  -56.8419  335.3494  116.6401  218.6281  373.9535  -34.6810  -70.4043
 0.0825    279.1869  -56.5264  335.7133  117.2391  218.3937  374.2705  -34.6442  -70.3364
 0.0850    279.8846  -56.1977  336.0824  117.8428  218.1597  374.5916  -34.6064  -70.2666
 0.0875    280.5999  -55.8565  336.4564  118.4512  217.9260  374.9166  -34.5677  -70.1950
 0.0900    281.3318  -55.5033  336.8350  119.0643  217.6923  375.2451  -34.5281  -70.1215
 0.0925    282.0796  -55.1385  337.2182  119.6819  217.4584  375.5771  -34.4875  -70.0463
 0.0950    282.8426  -54.7629  337.6055  120.3041  217.2242  375.9123  -34.4462  -69.9693
 0.0975    283.6201  -54.3767  337.9968  120.9309  216.9894  376.2504  -34.4039  -69.8907
 0.1000    284.4112  -53.9806  338.3918  121.5622  216.7538  376.5914  -34.3608  -69.8105
 0.1025    285.2154  -53.5749  338.7903  122.1980  216.5172  376.9349  -34.3170  -69.7287
 0.1050    286.0320  -53.1600  339.1920  122.8381  216.2794  377.2807  -34.2723  -69.6453
 0.1075    286.8604  -52.7364  339.5968  123.4827  216.0402  377.6287  -34.2269  -69.5605
 0.1100    287.6998  -52.3044  340.0042  124.1316  215.7994  377.9786  -34.1807  -69.4741
 0.1125    288.5498  -51.8644  340.4142  124.7848  215.5568  378.3301  -34.1338  -69.3864
 0.1150    289.4097  -51.4167  340.8264  125.4423  215.3122  378.6831  -34.0862  -69.2972
 0.1175    290.2790  -50.9616  341.2406  126.1039  215.0655  379.0373  -34.0379  -69.2067
 0.1200    291.1570  -50.4995  341.6566  126.7696  214.8164  379.3926  -33.9889  -69.1149
 0.1225    292.0433  -50.0307  342.0741  127.4394  214.5648  379.7487  -33.9393  -69.0218
 0.1250    292.9374  -49.5555  342.4929  128.1131  214.3105  380.1053  -33.8891  -68.9275
 0.1275    293.8386  -49.0741  342.9127  128.7907  214.0534  380.4623  -33.8382  -68.8320
 0.1300    294.7465  -48.5869  343.3333  129.4721  213.7933  380.8195  -33.7867  -68.7352
 0.1325    295.6606  -48.0940  343.7546  130.1572  213.5301  381.1765  -33.7346  -68.6374
 0.1350    296.5803  -47.5958  344.1761  130.8458  213.2637  381.5333  -33.6820  -68.5384
 0.1375    297.5052  -47.0925  344.5977  131.5380  212.9938  381.8896  -33.6288  -68.4383
 0.1400    298.4349  -46.5843  345.0192  132.2335  212.7205  382.2452  -33.5750  -68.3372
 0.1425    299.3688  -46.0716  345.4403  132.9322  212.4435  382.5998  -33.5208  -68.2351
 0.1450    300.3064  -45.5544  345.8608  133.6340  212.1629  382.9533  -33.4661  -68.1321
 0.1475    301.2473  -45.0332  346.2805  134.3387  211.8784  383.3054  -33.4108  -68.0281
 0.1500    302.1910  -44.5080  346.6990  135.0461  211.5901  383.6559  -33.3551  -67.9231
 0.1525    303.1370  -43.9791  347.1162  135.7562  211.2979  384.0047  -33.2990  -67.8174
 0.1550    304.0849  -43.4469  347.5318  136.4687  211.0017  384.3513  -33.2424  -67.7107
 0.1575    305.0342  -42.9113  347.9456  137.1833  210.7015  384.6958  -33.1855  -67.6033
 0.1600    305.9844  -42.3729  348.3573  137.9000  210.3972  385.0378  -33.1281  -67.4951
 0.1625    306.9351  -41.8316  348.7667  138.6184  210.0888  385.3771  -33.0704  -67.3862
 0.1650    307.8857  -41.2878  349.1736  139.3384  209.7764  385.7134  -33.0123  -67.2766
 0.1675    308.8358  -40.7418  349.5776  140.0596  209.4599  386.0466  -32.9538  -67.1664
 0.1700    309.7849  -40.1937  349.9786  140.7818  209.1393  386.3765  -32.8951  -67.0555
 0.1725    310.7324  -39.6438  350.3762  141.5047  208.8147  386.7027  -32.8360  -66.9440
 0.1750    311.6779  -39.0924  350.7703  142.2280  208.4860  387.0251  -32.7767  -66.8320
 0.1775    312.6209  -38.5396  351.1605  142.9514  208.1535  387.3433  -32.7171  -66.7196
 0.1800    313.5608  -37.9858  351.5466  143.6745  207.8171  387.6573  -32.6573  -66.6066
 0.1825    314.4970  -37.4312  351.9282  144.3971  207.4768  387.9666  -32.5973  -66.4933
 0.1850    315.4291  -36.8761  352.3052  145.1186  207.1329  388.2711  -32.5371  -66.3796
 0.1875    316.3565  -36.3207  352.6772  145.8387  206.7855  388.5705  -32.4768  -66.2655
 0.1900    317.2785  -35.7654  353.0440  146.5571  206.4345  388.8645  -32.4163  -66.1512
 0.1925    318.1947  -35.2105  353.4051  147.2731  206.0802  389.1528  -32.3557  -66.0367
 0.1950    319.1043  -34.6561  353.7604  147.9865  205.7228  389.4352  -32.2950  -65.9219
 0.1975    320.0068  -34.1027  354.1095  148.6967  205.3623  389.7114  -32.2342  -65.8071
 0.2000    320.9016  -33.5505  354.4521  149.4032  204.9990  389.9810  -32.1734  -65.6921


 DIST  K:     FLUX      FEKM      FIKM     JNKCC      GIKM    Na,K-ATP    JKCC    GIKS+GJK
 0.0000    -46.9718    0.9352  -47.9070   46.5028  -94.4098 -179.1348   59.7794   71.4484
 0.0025    -44.2711    1.0884  -45.3595   46.4506  -91.8102 -178.9711   60.2105   73.4011
 0.0050    -41.8423    1.2327  -43.0750   46.4290  -89.5040 -178.9274   60.6113   75.2412
 0.0075    -39.5068    1.3700  -40.8768   46.4833  -87.3601 -178.8981   61.0266   76.9947
 0.0100    -37.2569    1.5008  -38.7576   46.6049  -85.3626 -178.8797   61.4569   78.6652
 0.0125    -35.0898    1.6253  -36.7151   46.7849  -83.5000 -178.8717   61.9011   80.2555
 0.0150    -33.0031    1.7438  -34.7469   47.0152  -81.7621 -178.8737   62.3586   81.7683
 0.0175    -30.9940    1.8566  -32.8506   47.2894  -80.1400 -178.8853   62.8285   83.2062
 0.0200    -29.0600    1.9639  -31.0239   47.6016  -78.6255 -178.9061   63.3104   84.5718
 0.0225    -27.1982    2.0661  -29.2644   47.9470  -77.2114 -178.9359   63.8037   85.8679
 0.0250    -25.4061    2.1633  -27.5694   48.3216  -75.8910 -178.9742   64.3080   87.0968
 0.0275    -23.6809    2.2557  -25.9366   48.7217  -74.6583 -179.0208   64.8230   88.2611
 0.0300    -22.0200    2.3436  -24.3636   49.1442  -73.5078 -179.0753   65.3485   89.3632
 0.0325    -20.4209    2.4271  -22.8479   49.5865  -72.4344 -179.1373   65.8841   90.4053
 0.0350    -18.8810    2.5063  -21.3873   50.0462  -71.4336 -179.2067   66.4297   91.3897
 0.0375    -17.3980    2.5816  -19.9796   50.5215  -70.5010 -179.2831   66.9851   92.3184
 0.0400    -15.9694    2.6530  -18.6224   51.0104  -69.6328 -179.3662   67.5502   93.1936
 0.0425    -14.5931    2.7207  -17.3137   51.5116  -68.8253 -179.4556   68.1248   94.0171
 0.0450    -13.2667    2.7848  -16.0515   52.0237  -68.0752 -179.5512   68.7089   94.7908
 0.0475    -11.9883    2.8454  -14.8337   52.5455  -67.3792 -179.6527   69.3024   95.5166
 0.0500    -10.7557    2.9028  -13.6585   53.0760  -66.7345 -179.7597   69.9052   96.1960
 0.0525     -9.5670    2.9570  -12.5239   53.6144  -66.1383 -179.8721   70.5173   96.8308
 0.0550     -8.4203    3.0081  -11.4283   54.1599  -65.5882 -179.9895   71.1387   97.4225
 0.0575     -7.3138    3.0562  -10.3700   54.7117  -65.0817 -180.1117   71.7692   97.9725
 0.0600     -6.2457    3.1015   -9.3471   55.2695  -64.6166 -180.2385   72.4091   98.4823
 0.0625     -5.2143    3.1440   -8.3583   55.8325  -64.1908 -180.3697   73.0581   98.9533
 0.0650     -4.2181    3.1839   -7.4020   56.4004  -63.8024 -180.5050   73.7163   99.3866
 0.0675     -3.2555    3.2212   -6.4767   56.9728  -63.4495 -180.6441   74.3838   99.7836
 0.0700     -2.3250    3.2560   -5.5810   57.5494  -63.1304 -180.7869   75.0605  100.1454
 0.0725     -1.4252    3.2883   -4.7136   58.1299  -62.8434 -180.9332   75.7465  100.4731
 0.0750     -0.5547    3.3184   -3.8731   58.7139  -62.5871 -181.0828   76.4418  100.7678
 0.0775      0.2877    3.3462   -3.0585   59.3013  -62.3598 -181.2353   77.1464  101.0305
 0.0800      1.1035    3.3718   -2.2684   59.8920  -62.1603 -181.3908   77.8603  101.2622
 0.0825      1.8937    3.3953   -1.5017   60.4856  -61.9873 -181.5488   78.5835  101.4637
 0.0850      2.6594    3.4167   -0.7573   61.0822  -61.8395 -181.7094   79.3162  101.6359
 0.0875      3.4020    3.4362   -0.0342   61.6815  -61.7157 -181.8722   80.0582  101.7798
 0.0900      4.1223    3.4536    0.6686   62.2835  -61.6149 -182.0372   80.8098  101.8960
 0.0925      4.8214    3.4692    1.3521   62.8881  -61.5359 -182.2040   81.5708  101.9853
 0.0950      5.5002    3.4829    2.0173   63.4951  -61.4778 -182.3726   82.3414  102.0485
 0.0975      6.1598    3.4949    2.6649   64.1046  -61.4397 -182.5429   83.1215  102.0863
 0.1000      6.8009    3.5051    3.2959   64.7164  -61.4205 -182.7145   83.9112  102.0992
 0.1025      7.4246    3.5136    3.9110   65.3305  -61.4195 -182.8874   84.7106  102.0878
 0.1050      8.0314    3.5204    4.5110   65.9468  -61.4358 -183.0615   85.5196  102.0529
 0.1075      8.6224    3.5256    5.0968   66.5654  -61.4686 -183.2365   86.3383  101.9950
 0.1100      9.1981    3.5292    5.6689   67.1861  -61.5172 -183.4123   87.1667  101.9145
 0.1125      9.7593    3.5313    6.2280   67.8089  -61.5808 -183.5888   88.0049  101.8119
 0.1150     10.3068    3.5318    6.7749   68.4337  -61.6588 -183.7657   88.8528  101.6879
 0.1175     10.8410    3.5309    7.3101   69.0606  -61.7505 -183.9431   89.7105  101.5427
 0.1200     11.3627    3.5285    7.8342   69.6894  -61.8552 -184.1207   90.5781  101.3769
 0.1225     11.8725    3.5246    8.3478   70.3201  -61.9723 -184.2984   91.4554  101.1908
 0.1250     12.3708    3.5194    8.8514   70.9527  -62.1013 -184.4761   92.3426  100.9849
 0.1275     12.8583    3.5128    9.3456   71.5871  -62.2415 -184.6536   93.2397  100.7595
 0.1300     13.3355    3.5048    9.8307   72.2231  -62.3925 -184.8308   94.1466  100.5149
 0.1325     13.8028    3.4955   10.3072   72.8609  -62.5536 -185.0075   95.0633  100.2515
 0.1350     14.2606    3.4849   10.7757   73.5001  -62.7244 -185.1837   95.9899   99.9695
 0.1375     14.7095    3.4730   11.2365   74.1409  -62.9044 -185.3592   96.9263   99.6694
 0.1400     15.1497    3.4598   11.6899   74.7829  -63.0930 -185.5338   97.8725   99.3512
 0.1425     15.5818    3.4454   12.1364   75.4263  -63.2899 -185.7075   98.8285   99.0154
 0.1450     16.0060    3.4297   12.5763   76.0708  -63.4945 -185.8801   99.7942   98.6621
 0.1475     16.4226    3.4128   13.0098   76.7163  -63.7064 -186.0514  100.7697   98.2915
 0.1500     16.8321    3.3947   13.4374   77.3626  -63.9252 -186.2215  101.7549   97.9040
 0.1525     17.2346    3.3754   13.8592   78.0096  -64.1504 -186.3900  102.7497   97.4996
 0.1550     17.6305    3.3549   14.2756   78.6572  -64.3815 -186.5569  103.7540   97.0785
 0.1575     18.0200    3.3333   14.6868   79.3051  -64.6183 -186.7221  104.7679   96.6410
 0.1600     18.4034    3.3105   15.0929   79.9531  -64.8602 -186.8854  105.7912   96.1871
 0.1625     18.7807    3.2865   15.4942   80.6011  -65.1069 -187.0467  106.8238   95.7171
 0.1650     19.1523    3.2614   15.8909   81.2488  -65.3579 -187.2058  107.8657   95.2310
 0.1675     19.5182    3.2352   16.2830   81.8959  -65.6129 -187.3626  108.9167   94.7289
 0.1700     19.8787    3.2079   16.6708   82.5423  -65.8715 -187.5170  109.9767   94.2111
 0.1725     20.2338    3.1795   17.0544   83.1875  -66.1332 -187.6688  111.0456   93.6775
 0.1750     20.5837    3.1499   17.4338   83.8314  -66.3976 -187.8178  112.1233   93.1284
 0.1775     20.9285    3.1193   17.8092   84.4736  -66.6645 -187.9640  113.2096   92.5636
 0.1800     21.2681    3.0876   18.1805   85.1138  -66.9333 -188.1071  114.3043   91.9834
 0.1825     21.6028    3.0548   18.5479   85.7516  -67.2037 -188.2471  115.4072   91.3878
 0.1850     21.9324    3.0210   18.9114   86.3866  -67.4752 -188.3836  116.5183   90.7768
 0.1875     22.2571    2.9861   19.2710   87.0185  -67.7476 -188.5166  117.6372   90.1504
 0.1900     22.5767    2.9502   19.6266   87.6469  -68.0203 -188.6459  118.7637   89.5088
 0.1925     22.8914    2.9132   19.9782   88.2712  -68.2930 -188.7714  119.8976   88.8520
 0.1950     23.2010    2.8751   20.3259   88.8912  -68.5653 -188.8927  121.0386   88.1799
 0.1975     23.5055    2.8361   20.6695   89.5062  -68.8367 -189.0098  122.1865   87.4927
 0.2000     23.8049    2.7960   21.0089   90.1158  -69.1069 -189.1224  123.3410   86.7902


 DIST  Cl:   FLUX      FEKM      FIKM     JNKCC      JKCC      JCLB    GIKS+GJK
 0.0000    181.6981  -18.8689  200.5671  200.5778   52.8851    0.0973  147.5846
 0.0025    183.9012  -17.6339  201.5351  201.5458   53.3567    0.1161  148.0623
 0.0050    185.9887  -16.3589  202.3476  202.3582   53.8244    0.1440  148.3792
 0.0075    188.0534  -15.1225  203.1759  203.1865   54.3066    0.1717  148.6976
 0.0100    190.0992  -13.9254  204.0246  204.0351   54.8033    0.1992  149.0221
 0.0125    192.1268  -12.7658  204.8926  204.9031   55.3141    0.2265  149.3520
 0.0150    194.1365  -11.6422  205.7786  205.7891   55.8383    0.2538  149.6866
 0.0175    196.1287  -10.5528  206.6815  206.6919   56.3754    0.2811  150.0250
 0.0200    198.1039   -9.4964  207.6003  207.6107   56.9252    0.3084  150.3667
 0.0225    200.0628   -8.4715  208.5342  208.5445   57.4873    0.3359  150.7110
 0.0250    202.0058   -7.4767  209.4825  209.4928   58.0614    0.3635  151.0576
 0.0275    203.9336   -6.5110  210.4446  210.4548   58.6474    0.3914  151.4058
 0.0300    205.8467   -5.5732  211.4199  211.4300   59.2449    0.4195  151.7555
 0.0325    207.7458   -4.6622  212.4080  212.4181   59.8540    0.4478  152.1062
 0.0350    209.6314   -3.7770  213.4084  213.4185   60.4744    0.4763  152.4576
 0.0375    211.5041   -2.9168  214.4209  214.4309   61.1061    0.5052  152.8096
 0.0400    213.3646   -2.0806  215.4451  215.4551   61.7490    0.5344  153.1617
 0.0425    215.2132   -1.2676  216.4808  216.4907   62.4030    0.5638  153.5139
 0.0450    217.0506   -0.4770  217.5276  217.5375   63.0681    0.5936  153.8659
 0.0475    218.8774    0.2920  218.5854  218.5953   63.7442    0.6238  154.2175
 0.0500    220.6939    1.0399  219.6540  219.6638   64.4313    0.6542  154.5685
 0.0525    222.5007    1.7675  220.7332  220.7430   65.1294    0.6850  154.9188
 0.0550    224.2983    2.4754  221.8229  221.8327   65.8385    0.7161  155.2683
 0.0575    226.0871    3.1641  222.9229  222.9326   66.5585    0.7476  155.6168
 0.0600    227.8675    3.8343  224.0331  224.0428   67.2896    0.7794  155.9641
 0.0625    229.6399    4.4865  225.1534  225.1631   68.0316    0.8116  156.3102
 0.0650    231.4048    5.1211  226.2837  226.2934   68.7847    0.8441  156.6549
 0.0675    233.1626    5.7386  227.4239  227.4336   69.5488    0.8770  156.9981
 0.0700    234.9135    6.3395  228.5740  228.5835   70.3241    0.9103  157.3397
 0.0725    236.6580    6.9243  229.7337  229.7433   71.1104    0.9438  157.6795
 0.0750    238.3964    7.4932  230.9032  230.9127   71.9078    0.9778  158.0176
 0.0775    240.1289    8.0467  232.0822  232.0917   72.7165    1.0121  158.3537
 0.0800    241.8560    8.5853  233.2708  233.2802   73.5363    1.0467  158.6877
 0.0825    243.5779    9.1091  234.4688  234.4783   74.3675    1.0817  159.0197
 0.0850    245.2948    9.6186  235.6763  235.6857   75.2099    1.1170  159.3494
 0.0875    247.0071   10.1140  236.8931  236.9025   76.0637    1.1527  159.6767
 0.0900    248.7149   10.5958  238.1192  238.1285   76.9289    1.1887  160.0016
 0.0925    250.4186   11.0641  239.3545  239.3638   77.8056    1.2250  160.3239
 0.0950    252.1182   11.5193  240.5989  240.6083   78.6937    1.2617  160.6435
 0.0975    253.8141   11.9616  241.8525  241.8618   79.5934    1.2987  160.9604
 0.1000    255.5064   12.3913  243.1151  243.1244   80.5046    1.3361  161.2744
 0.1025    257.1952   12.8086  244.3866  244.3959   81.4275    1.3738  161.5853
 0.1050    258.8808   13.2138  245.6670  245.6763   82.3621    1.4119  161.8931
 0.1075    260.5633   13.6071  246.9562  246.9654   83.3084    1.4502  162.1976
 0.1100    262.2428   13.9887  248.2541  248.2633   84.2664    1.4889  162.4987
 0.1125    263.9194   14.3589  249.5605  249.5697   85.2363    1.5279  162.7963
 0.1150    265.5932   14.7178  250.8754  250.8846   86.2180    1.5673  163.0901
 0.1175    267.2644   15.0657  252.1986  252.2078   87.2116    1.6069  163.3801
 0.1200    268.9329   15.4028  253.5301  253.5392   88.2171    1.6469  163.6661
 0.1225    270.5988   15.7292  254.8696  254.8788   89.2345    1.6872  163.9479
 0.1250    272.2622   16.0451  256.2171  256.2262   90.2639    1.7278  164.2254
 0.1275    273.9231   16.3508  257.5723  257.5814   91.3053    1.7688  164.4983
 0.1300    275.5814   16.6463  258.9351  258.9442   92.3587    1.8100  164.7665
 0.1325    277.2373   16.9320  260.3053  260.3143   93.4241    1.8516  165.0297
 0.1350    278.8905   17.2079  261.6826  261.6917   94.5015    1.8934  165.2877
 0.1375    280.5411   17.4742  263.0669  263.0759   95.5910    1.9356  165.5404
 0.1400    282.1890   17.7311  264.4579  264.4669   96.6924    1.9780  165.7874
 0.1425    283.8341   17.9788  265.8554  265.8643   97.8060    2.0208  166.0286
 0.1450    285.4764   18.2174  267.2590  267.2679   98.9315    2.0639  166.2636
 0.1475    287.1156   18.4472  268.6684  268.6773  100.0690    2.1072  166.4921
 0.1500    288.7515   18.6682  270.0833  270.0923  101.2185    2.1509  166.7140
 0.1525    290.3841   18.8807  271.5035  271.5124  102.3799    2.1949  166.9288
 0.1550    292.0132   19.0847  272.9284  272.9373  103.5532    2.2391  167.1362
 0.1575    293.6384   19.2806  274.3578  274.3667  104.7383    2.2836  167.3359
 0.1600    295.2596   19.4685  275.7911  275.8000  105.9352    2.3284  167.5275
 0.1625    296.8764   19.6484  277.2280  277.2368  107.1437    2.3735  167.7107
 0.1650    298.4886   19.8207  278.6679  278.6767  108.3639    2.4189  167.8850
 0.1675    300.0958   19.9855  280.1103  280.1191  109.5957    2.4646  168.0501
 0.1700    301.6977   20.1430  281.5547  281.5636  110.8388    2.5105  168.2054
 0.1725    303.2939   20.2933  283.0006  283.0094  112.0933    2.5567  168.3506
 0.1750    304.8839   20.4366  284.4472  284.4560  113.3589    2.6032  168.4851
 0.1775    306.4673   20.5732  285.8940  285.9028  114.6357    2.6499  168.6085
 0.1800    308.0436   20.7033  287.3403  287.3491  115.9233    2.6969  168.7202
 0.1825    309.6124   20.8270  288.7854  288.7942  117.2216    2.7441  168.8197
 0.1850    311.1730   20.9445  290.2285  290.2372  118.5305    2.7917  168.9063
 0.1875    312.7249   21.0562  291.6688  291.6775  119.8497    2.8394  168.9796
 0.1900    314.2675   21.1620  293.1055  293.1141  121.1791    2.8874  169.0389
 0.1925    315.8001   21.2624  294.5376  294.5463  122.5184    2.9357  169.0835
 0.1950    317.3220   21.3576  295.9644  295.9731  123.8674    2.9842  169.1128
 0.1975    318.8324   21.4476  297.3848  297.3934  125.2258    3.0329  169.1260
 0.2000    320.3308   21.5329  298.7978  298.8064  126.5934    3.0819  169.1225


 DIST  NH4:   FLUX      FEKM      FIKM      JNH3     JNKCC     JNHE3      GIKM    Na,K-ATP    JKCC    GIKS+GJK    JNH3
 0.0000    -27.3188    0.6140  -27.9328   -4.2993   53.7861  -98.6921   16.9732  -65.1132   -6.8943   -7.7076   47.4830
 0.0025    -26.4554    0.7088  -27.1642   -2.9458   54.3223  -99.1316   17.6451  -65.3426   -6.8538   -7.6107   49.6970
 0.0050    -25.7311    0.8007  -26.5318   -1.8087   54.7501  -99.5030   18.2210  -65.5452   -6.7869   -7.4774   51.4690
 0.0075    -25.0592    0.8875  -25.9467   -0.7458   55.1100  -99.8078   18.7511  -65.7291   -6.7200   -7.3456   53.1022
 0.0100    -24.4311    0.9696  -25.4007    0.2494   55.4126 -100.0531   19.2398  -65.8960   -6.6535   -7.2158   54.6140
 0.0125    -23.8411    1.0473  -24.8884    1.1798   55.6667 -100.2449   19.6899  -66.0480   -6.5870   -7.0878   56.0142
 0.0150    -23.2845    1.1209  -24.4054    2.0482   55.8793 -100.3886   20.1039  -66.1869   -6.5203   -6.9612   57.3111
 0.0175    -22.7574    1.1907  -23.9481    2.8574   56.0566 -100.4888   20.4841  -66.3142   -6.4531   -6.8358   58.5124
 0.0200    -22.2561    1.2570  -23.5131    3.6100   56.2038 -100.5495   20.8326  -66.4315   -6.3851   -6.7115   59.6250
 0.0225    -21.7778    1.3200  -23.0978    4.3088   56.3252 -100.5744   21.1514  -66.5398   -6.3164   -6.5881   60.6553
 0.0250    -21.3198    1.3799  -22.6997    4.9564   56.4248 -100.5668   21.4423  -66.6404   -6.2466   -6.4654   61.6090
 0.0275    -20.8797    1.4369  -22.3167    5.5552   56.5057 -100.5295   21.7071  -66.7340   -6.1757   -6.3432   62.4915
 0.0300    -20.4556    1.4913  -21.9469    6.1079   56.5708 -100.4650   21.9473  -66.8217   -6.1036   -6.2215   63.3077
 0.0325    -20.0457    1.5432  -21.5889    6.6168   56.6226 -100.3758   22.1644  -66.9040   -6.0301   -6.1002   64.0622
 0.0350    -19.6484    1.5927  -21.2411    7.0841   56.6630 -100.2639   22.3598  -66.9818   -5.9553   -5.9792   64.7592
 0.0375    -19.2623    1.6401  -20.9023    7.5120   56.6940 -100.1310   22.5347  -67.0555   -5.8790   -5.8584   65.4025
 0.0400    -18.8862    1.6854  -20.5715    7.9027   56.7171  -99.9790   22.6904  -67.1257   -5.8012   -5.7378   65.9958
 0.0425    -18.5190    1.7287  -20.2477    8.2582   56.7337  -99.8093   22.8279  -67.1929   -5.7218   -5.6173   66.5424
 0.0450    -18.1597    1.7703  -19.9300    8.5803   56.7451  -99.6233   22.9482  -67.2574   -5.6408   -5.4970   67.0454
 0.0475    -17.8074    1.8102  -19.6176    8.8709   56.7522  -99.4222   23.0524  -67.3197   -5.5582   -5.3766   67.5078
 0.0500    -17.4613    1.8485  -19.3099    9.1317   56.7559  -99.2071   23.1413  -67.3801   -5.4739   -5.2563   67.9321
 0.0525    -17.1208    1.8853  -19.0062    9.3643   56.7571  -98.9791   23.2158  -67.4388   -5.3879   -5.1361   68.3209
 0.0550    -16.7852    1.9208  -18.7060    9.5704   56.7565  -98.7391   23.2766  -67.4962   -5.3002   -5.0158   68.6765
 0.0575    -16.4539    1.9549  -18.4088    9.7513   56.7546  -98.4878   23.3244  -67.5525   -5.2107   -4.8955   69.0012
 0.0600    -16.1264    1.9877  -18.1141    9.9086   56.7520  -98.2261   23.3600  -67.6078   -5.1195   -4.7751   69.2969
 0.0625    -15.8023    2.0194  -17.8216   10.0435   56.7490  -97.9546   23.3840  -67.6624   -5.0265   -4.6548   69.5655
 0.0650    -15.4810    2.0499  -17.5309   10.1572   56.7463  -97.6740   23.3968  -67.7165   -4.9316   -4.5344   69.8088
 0.0675    -15.1623    2.0794  -17.2417   10.2510   56.7439  -97.3849   23.3992  -67.7701   -4.8350   -4.4139   70.0284
 0.0700    -14.8458    2.1079  -16.9537   10.3260   56.7424  -97.0876   23.3916  -67.8235   -4.7365   -4.2935   70.2258
 0.0725    -14.5311    2.1354  -16.6665   10.3833   56.7418  -96.7828   23.3745  -67.8767   -4.6362   -4.1730   70.4026
 0.0750    -14.2179    2.1621  -16.3800   10.4238   56.7424  -96.4708   23.3484  -67.9298   -4.5340   -4.0525   70.5600
 0.0775    -13.9061    2.1879  -16.0940   10.4484   56.7445  -96.1521   23.3136  -67.9830   -4.4299   -3.9319   70.6992
 0.0800    -13.5953    2.2128  -15.8082   10.4582   56.7482  -95.8269   23.2705  -68.0362   -4.3239   -3.8114   70.8215
 0.0825    -13.2854    2.2370  -15.5224   10.4539   56.7535  -95.4956   23.2196  -68.0896   -4.2160   -3.6908   70.9280
 0.0850    -12.9761    2.2605  -15.2366   10.4364   56.7606  -95.1584   23.1612  -68.1432   -4.1062   -3.5703   71.0196
 0.0875    -12.6673    2.2832  -14.9505   10.4063   56.7697  -94.8158   23.0956  -68.1971   -3.9945   -3.4498   71.0972
 0.0900    -12.3588    2.3052  -14.6640   10.3644   56.7808  -94.4678   23.0230  -68.2513   -3.8809   -3.3293   71.1619
 0.0925    -12.0504    2.3266  -14.3770   10.3114   56.7939  -94.1147   22.9438  -68.3059   -3.7653   -3.2089   71.2144
 0.0950    -11.7420    2.3473  -14.0894   10.2478   56.8090  -93.7567   22.8583  -68.3608   -3.6477   -3.0886   71.2555
 0.0975    -11.4335    2.3675  -13.8010   10.1744   56.8264  -93.3941   22.7667  -68.4162   -3.5281   -2.9683   71.2860
 0.1000    -11.1248    2.3870  -13.5118   10.0916   56.8458  -93.0269   22.6692  -68.4719   -3.4066   -2.8481   71.3064
 0.1025    -10.8158    2.4060  -13.2218   10.0000   56.8675  -92.6554   22.5661  -68.5281   -3.2830   -2.7281   71.3175
 0.1050    -10.5063    2.4244  -12.9307    9.9000   56.8913  -92.2796   22.4576  -68.5848   -3.1575   -2.6081   71.3198
 0.1075    -10.1963    2.4423  -12.6386    9.7923   56.9173  -91.8997   22.3438  -68.6419   -3.0299   -2.4884   71.3139
 0.1100     -9.8857    2.4596  -12.3453    9.6771   56.9456  -91.5158   22.2249  -68.6994   -2.9003   -2.3688   71.3003
 0.1125     -9.5744    2.4765  -12.0509    9.5550   56.9760  -91.1281   22.1012  -68.7574   -2.7686   -2.2493   71.2795
 0.1150     -9.2624    2.4928  -11.7553    9.4263   57.0086  -90.7366   21.9728  -68.8159   -2.6348   -2.1301   71.2519
 0.1175     -8.9497    2.5087  -11.4583    9.2915   57.0433  -90.3415   21.8398  -68.8748   -2.4989   -2.0112   71.2180
 0.1200     -8.6361    2.5240  -11.1601    9.1508   57.0802  -89.9428   21.7024  -68.9341   -2.3610   -1.8924   71.1782
 0.1225     -8.3216    2.5389  -10.8605    9.0046   57.1192  -89.5406   21.5608  -68.9939   -2.2209   -1.7739   71.1328
 0.1250     -8.0062    2.5534  -10.5596    8.8532   57.1604  -89.1350   21.4150  -69.0541   -2.0787   -1.6558   71.0823
 0.1275     -7.6899    2.5673  -10.2572    8.6970   57.2036  -88.7261   21.2653  -69.1148   -1.9344   -1.5379   71.0268
 0.1300     -7.3726    2.5809   -9.9535    8.5362   57.2489  -88.3140   21.1116  -69.1758   -1.7879   -1.4203   70.9668
 0.1325     -7.0543    2.5939   -9.6482    8.3711   57.2963  -87.8987   20.9542  -69.2372   -1.6392   -1.3032   70.9025
 0.1350     -6.7350    2.6066   -9.3415    8.2020   57.3457  -87.4804   20.7931  -69.2990   -1.4884   -1.1864   70.8342
 0.1375     -6.4146    2.6188   -9.0334    8.0290   57.3971  -87.0590   20.6285  -69.3612   -1.3353   -1.0699   70.7621
 0.1400     -6.0932    2.6305   -8.7237    7.8525   57.4505  -86.6347   20.4605  -69.4237   -1.1800   -0.9540   70.6865
 0.1425     -5.7707    2.6419   -8.4126    7.6726   57.5059  -86.2075   20.2891  -69.4866   -1.0225   -0.8384   70.6076
 0.1450     -5.4472    2.6528   -8.0999    7.4896   57.5632  -85.7775   20.1144  -69.5498   -0.8628   -0.7234   70.5256
 0.1475     -5.1226    2.6632   -7.7858    7.3037   57.6224  -85.3448   19.9366  -69.6133   -0.7007   -0.6088   70.4407
 0.1500     -4.7969    2.6732   -7.4701    7.1150   57.6836  -84.9094   19.7558  -69.6770   -0.5364   -0.4948   70.3531
 0.1525     -4.4702    2.6828   -7.1530    6.9237   57.7466  -84.4715   19.5719  -69.7411   -0.3698   -0.3813   70.2629
 0.1550     -4.1424    2.6920   -6.8344    6.7301   57.8115  -84.0310   19.3852  -69.8054   -0.2009   -0.2684   70.1704
 0.1575     -3.8136    2.7007   -6.5143    6.5342   57.8783  -83.5881   19.1956  -69.8700   -0.0296   -0.1561   70.0756
 0.1600     -3.4837    2.7089   -6.1927    6.3362   57.9469  -83.1429   19.0033  -69.9348    0.1440   -0.0444   69.9787
 0.1625     -3.1529    2.7168   -5.8697    6.1363   58.0173  -82.6953   18.8083  -69.9998    0.3199    0.0666   69.8799
 0.1650     -2.8211    2.7242   -5.5452    5.9347   58.0896  -82.2456   18.6108  -70.0651    0.4983    0.1769   69.7793
 0.1675     -2.4883    2.7311   -5.2194    5.7314   58.1636  -81.7938   18.4108  -70.1305    0.6790    0.2865   69.6770
 0.1700     -2.1546    2.7376   -4.8921    5.5266   58.2395  -81.3399   18.2083  -70.1961    0.8621    0.3953   69.5731
 0.1725     -1.8200    2.7436   -4.5635    5.3205   58.3172  -80.8842   18.0035  -70.2619    1.0477    0.5034   69.4678
 0.1750     -1.4845    2.7491   -4.2336    5.1131   58.3966  -80.4265   17.7964  -70.3279    1.2357    0.6106   69.3611
 0.1775     -1.1481    2.7542   -3.9023    4.9045   58.4778  -79.9672   17.5870  -70.3940    1.4261    0.7170   69.2531
 0.1800     -0.8110    2.7588   -3.5698    4.6949   58.5608  -79.5062   17.3756  -70.4603    1.6190    0.8225   69.1439
 0.1825     -0.4731    2.7630   -3.2360    4.4844   58.6455  -79.0436   17.1621  -70.5267    1.8144    0.9271   69.0336
 0.1850     -0.1345    2.7666   -2.9011    4.2732   58.7320  -78.5796   16.9466  -70.5932    2.0122    1.0307   68.9224
 0.1875      0.2048    2.7697   -2.5649    4.0612   58.8202  -78.1142   16.7291  -70.6599    2.2126    1.1333   68.8102
 0.1900      0.5447    2.7724   -2.2277    3.8486   58.9102  -77.6477   16.5098  -70.7267    2.4155    1.2349   68.6972
 0.1925      0.8852    2.7745   -1.8893    3.6355   59.0019  -77.1800   16.2888  -70.7936    2.6209    1.3355   68.5833
 0.1950      1.2262    2.7761   -1.5500    3.4219   59.0954  -76.7113   16.0660  -70.8606    2.8288    1.4349   68.4688
 0.1975      1.5676    2.7772   -1.2096    3.2081   59.1905  -76.2417   15.8416  -70.9277    3.0393    1.5332   68.3537
 0.2000      1.9094    2.7777   -0.8684    2.9940   59.2874  -75.7714   15.6156  -70.9950    3.2523    1.6303   68.2380
