    0.14665013004007071418D+00
   -0.38684277935430387174D+02
    0.15589140939368231753D+00
    0.41441326407150548203D-02
    0.12945138653360230285D+00
    0.28083268073799214776D-01
    0.43161846102340648557D+01
    0.14991059869144160010D-02
    0.21114480533491360170D-02
    0.55110337667795591520D-03
    0.51117955607192892831D-02
    0.38901011177407404773D+02
    0.22730706895321528549D+01
    0.41366848239503269724D+02
   -0.67672660832500824313D+02
    0.11526427978719520906D+00
    0.77250569586864006877D-01
    0.62296900459366817693D-01
    0.32924781200106084667D-01
    0.38225488494288213832D-02
    0.43853173522724473443D+01
    0.14999822066287197414D-02
    0.21062397429029771842D-02
    0.41035151895138467434D-02
    0.64060932021216864321D-02
    0.59356944053365175762D+02
    0.25889233958687135839D+02
    0.30877920743982872409D+03
    0.14868292153478734896D+00
    0.73769323020548558389D+01
    0.16660149987374103797D+00
    0.45302336631819328100D-02
    0.14231405660786297651D+00
    0.12525676630925729541D-01
    0.44016239143334701112D+01
    0.15041068333031411795D-02
    0.63894285458730463653D-02
    0.38130632761256364610D-02
    0.14283674611255361975D-01
    0.21109500004710401555D+02
    0.28202614374567374078D+01
    0.94582720993088287287D+02
    0.89741677293918312164D-01
    0.00000000000000000000D+00
