

 DIST  Na:   FLUX      FEKM      FIKM     JNKCC     JNHE3    Na,K-ATP   JNAHS      JNAB
 1.1000    258.7297   18.2754  240.4544  124.8269  115.4943  280.7577  -36.0411  -71.7416
 1.1025    260.7669   18.4815  242.2855  125.2229  116.9300  282.5461  -36.0152  -71.7045
 1.1050    262.6981   18.7024  243.9958  125.6330  118.2308  284.2182  -35.9926  -71.6737
 1.1075    264.5554   18.9351  245.6203  126.0539  119.4350  285.8027  -35.9681  -71.6384
 1.1100    266.3468   19.1795  247.1673  126.4853  120.5513  287.3078  -35.9417  -71.5985
 1.1125    268.0784   19.4353  248.6431  126.9270  121.5860  288.7398  -35.9135  -71.5543
 1.1150    269.7559   19.7024  250.0535  127.3791  122.5450  290.1049  -35.8839  -71.5064
 1.1175    271.3845   19.9805  251.4040  127.8411  123.4340  291.4086  -35.8528  -71.4549
 1.1200    272.9690   20.2694  252.6996  128.3131  124.2583  292.6561  -35.8205  -71.4004
 1.1225    274.5138   20.5689  253.9450  128.7946  125.0228  293.8523  -35.7870  -71.3430
 1.1250    276.0231   20.8785  255.1446  129.2857  125.7321  295.0016  -35.7524  -71.2829
 1.1275    277.5006   21.1979  256.3027  129.7858  126.3906  296.1083  -35.7169  -71.2204
 1.1300    278.9497   21.5268  257.4229  130.2950  127.0022  297.1762  -35.6805  -71.1557
 1.1325    280.3736   21.8649  258.5087  130.8129  127.5709  298.2089  -35.6432  -71.0888
 1.1350    281.7751   22.2116  259.5635  131.3393  128.0999  299.2096  -35.6051  -71.0200
 1.1375    283.1570   22.5668  260.5902  131.8739  128.5927  300.1815  -35.5662  -70.9493
 1.1400    284.5215   22.9299  261.5917  132.4165  129.0521  301.1273  -35.5266  -70.8769
 1.1425    285.8709   23.3006  262.5704  132.9670  129.4810  302.0496  -35.4864  -70.8027
 1.1450    287.2072   23.6785  263.5287  133.5250  129.8819  302.9508  -35.4454  -70.7270
 1.1475    288.5320   24.0632  264.4688  134.0904  130.2573  303.8332  -35.4038  -70.6498
 1.1500    289.8472   24.4544  265.3928  134.6630  130.6094  304.6986  -35.3616  -70.5711
 1.1525    291.1540   24.8517  266.3023  135.2424  130.9401  305.5490  -35.3188  -70.4910
 1.1550    292.4539   25.2547  267.1992  135.8286  131.2515  306.3860  -35.2754  -70.4095
 1.1575    293.7480   25.6630  268.0850  136.4214  131.5451  307.2113  -35.2314  -70.3267
 1.1600    295.0374   26.0764  268.9610  137.0205  131.8227  308.0261  -35.1868  -70.2426
 1.1625    296.3230   26.4945  269.8285  137.6257  132.0857  308.8319  -35.1417  -70.1572
 1.1650    297.6057   26.9169  270.6888  138.2369  132.3354  309.6298  -35.0960  -70.0706
 1.1675    298.8863   27.3434  271.5429  138.8538  132.5732  310.4208  -35.0498  -69.9828
 1.1700    300.1653   27.7735  272.3918  139.4764  132.8002  311.2061  -35.0030  -69.8938
 1.1725    301.4434   28.2071  273.2363  140.1043  133.0175  311.9863  -34.9557  -69.8036
 1.1750    302.7210   28.6437  274.0773  140.7375  133.2260  312.7625  -34.9079  -69.7123
 1.1775    303.9986   29.0830  274.9156  141.3757  133.4267  313.5352  -34.8595  -69.6199
 1.1800    305.2766   29.5249  275.7517  142.0188  133.6203  314.3052  -34.8106  -69.5263
 1.1825    306.5552   29.9690  276.5862  142.6665  133.8078  315.0730  -34.7612  -69.4316
 1.1850    307.8347   30.4150  277.4197  143.3188  133.9897  315.8391  -34.7113  -69.3359
 1.1875    309.1154   30.8627  278.2527  143.9754  134.1667  316.6041  -34.6609  -69.2391
 1.1900    310.3972   31.3118  279.0855  144.6361  134.3395  317.3684  -34.6099  -69.1412
 1.1925    311.6804   31.7620  279.9184  145.3007  134.5085  318.1322  -34.5585  -69.0423
 1.1950    312.9650   32.2131  280.7519  145.9691  134.6743  318.8960  -34.5065  -68.9423
 1.1975    314.2510   32.6649  281.5862  146.6410  134.8373  319.6600  -34.4541  -68.8413
 1.2000    315.5384   33.1170  282.4214  147.3162  134.9980  320.4243  -34.4012  -68.7393
 1.2025    316.8271   33.5693  283.2578  147.9946  135.1566  321.1892  -34.3477  -68.6363
 1.2050    318.1171   34.0215  284.0955  148.6759  135.3137  321.9549  -34.2938  -68.5323
 1.2075    319.4081   34.4735  284.9346  149.3599  135.4695  322.7214  -34.2394  -68.4273
 1.2100    320.7000   34.9249  285.7751  150.0463  135.6243  323.4888  -34.1846  -68.3214
 1.2125    321.9927   35.3755  286.6172  150.7350  135.7783  324.2571  -34.1293  -68.2146
 1.2150    323.2858   35.8252  287.4607  151.4256  135.9318  325.0263  -34.0735  -68.1068
 1.2175    324.5792   36.2736  288.3056  152.1179  136.0851  325.7964  -34.0173  -67.9981
 1.2200    325.8726   36.7207  289.1518  152.8117  136.2383  326.5674  -33.9606  -67.8885
 1.2225    327.1655   37.1662  289.9994  153.5067  136.3915  327.3391  -33.9035  -67.7780
 1.2250    328.4578   37.6098  290.8480  154.2025  136.5450  328.1114  -33.8460  -67.6667
 1.2275    329.7490   38.0514  291.6976  154.8989  136.6989  328.8841  -33.7881  -67.5546
 1.2300    331.0387   38.4907  292.5480  155.5955  136.8533  329.6572  -33.7297  -67.4416
 1.2325    332.3265   38.9276  293.3989  156.2921  137.0083  330.4304  -33.6710  -67.3279
 1.2350    333.6119   39.3618  294.2501  156.9883  137.1640  331.2034  -33.6119  -67.2134
 1.2375    334.8945   39.7931  295.1014  157.6837  137.3205  331.9760  -33.5525  -67.0982
 1.2400    336.1737   40.2214  295.9523  158.3779  137.4779  332.7479  -33.4927  -66.9823
 1.2425    337.4490   40.6463  296.8026  159.0707  137.6362  333.5187  -33.4326  -66.8658
 1.2450    338.7198   41.0678  297.6520  159.7614  137.7954  334.2883  -33.3722  -66.7486
 1.2475    339.9855   41.4855  298.5000  160.4498  137.9557  335.0561  -33.3115  -66.6308
 1.2500    341.2455   41.8993  299.3462  161.1354  138.1170  335.8218  -33.2505  -66.5125
 1.2525    342.4991   42.3090  300.1901  161.8178  138.2793  336.5850  -33.1893  -66.3937
 1.2550    343.7457   42.7143  301.0314  162.4963  138.4427  337.3453  -33.1279  -66.2745
 1.2575    344.9845   43.1150  301.8695  163.1707  138.6072  338.1021  -33.0663  -66.1549
 1.2600    346.2148   43.5109  302.7039  163.8403  138.7727  338.8550  -33.0046  -66.0349
 1.2625    347.4359   43.9018  303.5341  164.5045  138.9392  339.6035  -32.9427  -65.9146
 1.2650    348.6468   44.2874  304.3594  165.1629  139.1068  340.3471  -32.8808  -65.7941
 1.2675    349.8468   44.6675  305.1793  165.8149  139.2755  341.0851  -32.8187  -65.6734
 1.2700    351.0351   45.0420  305.9931  166.4598  139.4451  341.8170  -32.7567  -65.5527
 1.2725    352.2107   45.4104  306.8003  167.0970  139.6157  342.5421  -32.6947  -65.4319
 1.2750    353.3727   45.7726  307.6001  167.7259  139.7872  343.2600  -32.6327  -65.3111
 1.2775    354.5202   46.1284  308.3918  168.3458  139.9597  343.9698  -32.5708  -65.1905
 1.2800    355.6522   46.4776  309.1747  168.9560  140.1331  344.6709  -32.5091  -65.0701
 1.2825    356.7677   46.8197  309.9480  169.5558  140.3073  345.3627  -32.4476  -64.9500
 1.2850    357.8658   47.1547  310.7111  170.1445  140.4824  346.0444  -32.3863  -64.8303
 1.2875    358.9452   47.4821  311.4631  170.7213  140.6582  346.7153  -32.3253  -64.7111
 1.2900    360.0050   47.8019  312.2031  171.2854  140.8348  347.3746  -32.2646  -64.5924
 1.2925    361.0441   48.1137  312.9305  171.8361  141.0122  348.0215  -32.2044  -64.4744
 1.2950    362.0614   48.4172  313.6442  172.3724  141.1903  348.6554  -32.1446  -64.3572
 1.2975    363.0557   48.7121  314.3436  172.8936  141.3691  349.2753  -32.0853  -64.2408
 1.3000    364.0259   48.9982  315.0276  173.3988  141.5486  349.8804  -32.0266  -64.1255


 DIST  K:     FLUX      FEKM      FIKM     JNKCC      GIKM    Na,K-ATP    JKCC    GIKS+GJK
 1.1000     16.1185    1.3371   14.7814   86.0831  -71.3017 -139.1237   70.0728   83.8323
 1.1025     15.5965    1.3304   14.2661   85.4865  -71.2204 -139.8279   70.6271   83.4668
 1.1050     15.1575    1.3246   13.8329   84.9669  -71.1340 -140.4873   71.1863   83.1339
 1.1075     14.7873    1.3196   13.4677   84.5109  -71.0432 -141.1148   71.7523   82.8302
 1.1100     14.4793    1.3152   13.1641   84.1141  -70.9500 -141.7137   72.3256   82.5522
 1.1125     14.2280    1.3114   12.9166   83.7729  -70.8563 -142.2865   72.9066   82.2965
 1.1150     14.0282    1.3079   12.7203   83.4838  -70.7635 -142.8357   73.4957   82.0603
 1.1175     13.8751    1.3047   12.5703   83.2434  -70.6730 -143.3633   74.0932   81.8405
 1.1200     13.7642    1.3017   12.4625   83.0486  -70.5860 -143.8714   74.6993   81.6346
 1.1225     13.6915    1.2987   12.3928   82.8962  -70.5034 -144.3617   75.3142   81.4403
 1.1250     13.6532    1.2957   12.3575   82.7835  -70.4259 -144.8361   75.9383   81.2553
 1.1275     13.6458    1.2926   12.3532   82.7075  -70.3543 -145.2960   76.5716   81.0776
 1.1300     13.6662    1.2893   12.3768   82.6658  -70.2890 -145.7429   77.2144   80.9053
 1.1325     13.7113    1.2858   12.4255   82.6559  -70.2304 -146.1781   77.8668   80.7368
 1.1350     13.7785    1.2820   12.4965   82.6754  -70.1789 -146.6028   78.5289   80.5704
 1.1375     13.8653    1.2778   12.5875   82.7222  -70.1347 -147.0181   79.2009   80.4047
 1.1400     13.9696    1.2733   12.6963   82.7942  -70.0979 -147.4251   79.8829   80.2384
 1.1425     14.0892    1.2683   12.8209   82.8895  -70.0687 -147.8246   80.5751   80.0704
 1.1450     14.2223    1.2629   12.9594   83.0065  -70.0470 -148.2175   81.2774   79.8995
 1.1475     14.3672    1.2570   13.1103   83.1432  -70.0330 -148.6046   81.9900   79.7248
 1.1500     14.5224    1.2505   13.2719   83.2983  -70.0264 -148.9865   82.7131   79.5453
 1.1525     14.6865    1.2436   13.4429   83.4702  -70.0273 -149.3640   83.4466   79.3603
 1.1550     14.8581    1.2360   13.6221   83.6576  -70.0355 -149.7376   84.1908   79.1689
 1.1575     15.0362    1.2279   13.8083   83.8591  -70.0509 -150.1078   84.9455   78.9705
 1.1600     15.2197    1.2192   14.0005   84.0737  -70.0732 -150.4751   85.7111   78.7646
 1.1625     15.4077    1.2099   14.1978   84.3001  -70.1023 -150.8400   86.4874   78.5504
 1.1650     15.5994    1.2000   14.3994   84.5373  -70.1379 -151.2028   87.2747   78.3276
 1.1675     15.7939    1.1894   14.6045   84.7844  -70.1799 -151.5639   88.0729   78.0955
 1.1700     15.9906    1.1782   14.8124   85.0404  -70.2280 -151.9237   88.8821   77.8539
 1.1725     16.1889    1.1664   15.0225   85.3044  -70.2819 -152.2823   89.7024   77.6023
 1.1750     16.3883    1.1540   15.2343   85.5756  -70.3413 -152.6400   90.5340   77.3404
 1.1775     16.5882    1.1409   15.4473   85.8533  -70.4060 -152.9972   91.3767   77.0678
 1.1800     16.7882    1.1272   15.6611   86.1367  -70.4757 -153.3539   92.2308   76.7841
 1.1825     16.9880    1.1128   15.8752   86.4252  -70.5500 -153.7103   93.0962   76.4893
 1.1850     17.1871    1.0977   16.0893   86.7181  -70.6288 -154.0666   93.9730   76.1829
 1.1875     17.3853    1.0821   16.3032   87.0147  -70.7115 -154.4229   94.8613   75.8647
 1.1900     17.5822    1.0658   16.5165   87.3146  -70.7981 -154.7793   95.7612   75.5346
 1.1925     17.7777    1.0488   16.7289   87.6170  -70.8881 -155.1359   96.6726   75.1923
 1.1950     17.9716    1.0312   16.9404   87.9216  -70.9812 -155.4928   97.5957   74.8375
 1.1975     18.1636    1.0129   17.1506   88.2277  -71.0771 -155.8500   98.5304   74.4701
 1.2000     18.3535    0.9941   17.3594   88.5350  -71.1755 -156.2075   99.4769   74.0900
 1.2025     18.5413    0.9745   17.5667   88.8428  -71.2761 -156.5653  100.4351   73.6969
 1.2050     18.7267    0.9544   17.7723   89.1507  -71.3784 -156.9235  101.4052   73.2906
 1.2075     18.9097    0.9336   17.9761   89.4583  -71.4822 -157.2820  102.3870   72.8711
 1.2100     19.0902    0.9122   18.1780   89.7652  -71.5872 -157.6408  103.3807   72.4381
 1.2125     19.2681    0.8902   18.3779   90.0709  -71.6930 -157.9998  104.3863   71.9914
 1.2150     19.4433    0.8676   18.5757   90.3749  -71.7992 -158.3590  105.4038   71.5310
 1.2175     19.6157    0.8443   18.7714   90.6769  -71.9055 -158.7184  106.4332   71.0566
 1.2200     19.7853    0.8205   18.9648   90.9764  -72.0116 -159.0777  107.4745   70.5680
 1.2225     19.9519    0.7960   19.1559   91.2730  -72.1171 -159.4370  108.5277   70.0652
 1.2250     20.1157    0.7710   19.3447   91.5664  -72.2217 -159.7960  109.5928   69.5479
 1.2275     20.2764    0.7453   19.5310   91.8560  -72.3249 -160.1548  110.6698   69.0160
 1.2300     20.4340    0.7191   19.7149   92.1415  -72.4265 -160.5130  111.7586   68.4693
 1.2325     20.5886    0.6923   19.8963   92.4225  -72.5261 -160.8707  112.8593   67.9077
 1.2350     20.7400    0.6649   20.0751   92.6985  -72.6233 -161.2276  113.9719   67.3309
 1.2375     20.8882    0.6369   20.2514   92.9691  -72.7177 -161.5835  115.0961   66.7387
 1.2400     21.0332    0.6083   20.4249   93.2339  -72.8090 -161.9382  116.2321   66.1310
 1.2425     21.1749    0.5792   20.5957   93.4925  -72.8968 -162.2916  117.3797   65.5076
 1.2450     21.3133    0.5495   20.7638   93.7444  -72.9806 -162.6434  118.5389   64.8683
 1.2475     21.4483    0.5193   20.9290   93.9892  -73.0601 -162.9935  119.7096   64.2129
 1.2500     21.5799    0.4885   21.0914   94.2263  -73.1350 -163.3414  120.8917   63.5411
 1.2525     21.7079    0.4572   21.2507   94.4555  -73.2047 -163.6871  122.0851   62.8528
 1.2550     21.8324    0.4253   21.4071   94.6760  -73.2689 -164.0302  123.2897   62.1477
 1.2575     21.9533    0.3929   21.5604   94.8876  -73.3272 -164.3705  124.5053   61.4256
 1.2600     22.0705    0.3600   21.7105   95.0897  -73.3792 -164.7076  125.7318   60.6863
 1.2625     22.1839    0.3266   21.8573   95.2818  -73.4244 -165.0413  126.9691   59.9296
 1.2650     22.2934    0.2926   22.0009   95.4633  -73.4624 -165.3712  128.2169   59.1551
 1.2675     22.3991    0.2581   22.1409   95.6337  -73.4928 -165.6970  129.4752   58.3627
 1.2700     22.5006    0.2232   22.2775   95.7925  -73.5151 -166.0183  130.7437   57.5521
 1.2725     22.5981    0.1877   22.4104   95.9392  -73.5288 -166.3349  132.0222   56.7231
 1.2750     22.6913    0.1518   22.5395   96.0731  -73.5336 -166.6462  133.3104   55.8753
 1.2775     22.7801    0.1154   22.6648   96.1937  -73.5289 -166.9520  134.6082   55.0086
 1.2800     22.8645    0.0785   22.7860   96.3003  -73.5143 -167.2519  135.9153   54.1226
 1.2825     22.9443    0.0412   22.9031   96.3924  -73.4893 -167.5454  137.2314   53.2172
 1.2850     23.0194    0.0034   23.0159   96.4694  -73.4534 -167.8322  138.5562   52.2920
 1.2875     23.0895   -0.0348   23.1243   96.5305  -73.4062 -168.1117  139.8893   51.3467
 1.2900     23.1547   -0.0734   23.2281   96.5751  -73.3470 -168.3836  141.2305   50.3812
 1.2925     23.2146   -0.1124   23.3270   96.6026  -73.2756 -168.6474  142.5794   49.3950
 1.2950     23.2693   -0.1518   23.4210   96.6123  -73.1912 -168.9027  143.9356   48.3881
 1.2975     23.3183   -0.1916   23.5099   96.6034  -73.0935 -169.1489  145.2987   47.3601
 1.3000     23.3617   -0.2317   23.5934   96.5752  -72.9818 -169.3856  146.6683   46.3107


 DIST  Cl:   FLUX      FEKM      FIKM     JNKCC      JKCC      JCLB    GIKS+GJK
 1.1000    219.0489  -30.5901  249.6389  249.6537   57.7232   -2.6233  194.5390
 1.1025    220.5513  -29.8797  250.4310  250.4457   58.3280   -2.5623  194.6653
 1.1050    222.0663  -29.1849  251.2512  251.2659   58.9413   -2.5022  194.8121
 1.1075    223.5885  -28.5046  252.0930  252.1077   59.5636   -2.4442  194.9737
 1.1100    225.1174  -27.8384  252.9558  252.9705   60.1952   -2.3883  195.1489
 1.1125    226.6531  -27.1863  253.8394  253.8541   60.8364   -2.3343  195.3373
 1.1150    228.1954  -26.5481  254.7435  254.7581   61.4873   -2.2819  195.5382
 1.1175    229.7440  -25.9236  255.6676  255.6823   62.1480   -2.2312  195.7508
 1.1200    231.2989  -25.3126  256.6115  256.6261   62.8189   -2.1818  195.9745
 1.1225    232.8598  -24.7148  257.5747  257.5893   63.4999   -2.1337  196.2085
 1.1250    234.4265  -24.1302  258.5567  258.5713   64.1913   -2.0868  196.4522
 1.1275    235.9988  -23.5583  259.5571  259.5717   64.8931   -2.0409  196.7049
 1.1300    237.5764  -22.9990  260.5754  260.5900   65.6055   -1.9960  196.9659
 1.1325    239.1591  -22.4521  261.6112  261.6258   66.3286   -1.9519  197.2345
 1.1350    240.7467  -21.9173  262.6639  262.6785   67.0626   -1.9086  197.5099
 1.1375    242.3389  -21.3943  263.7332  263.7478   67.8074   -1.8659  197.7917
 1.1400    243.9355  -20.8830  264.8185  264.8331   68.5633   -1.8239  198.0790
 1.1425    245.5363  -20.3831  265.9194  265.9340   69.3304   -1.7823  198.3714
 1.1450    247.1412  -19.8943  267.0355  267.0500   70.1086   -1.7413  198.6681
 1.1475    248.7498  -19.4165  268.1663  268.1808   70.8982   -1.7006  198.9686
 1.1500    250.3620  -18.9493  269.3113  269.3259   71.6993   -1.6603  199.2723
 1.1525    251.9776  -18.4927  270.4703  270.4849   72.5118   -1.6203  199.5787
 1.1550    253.5965  -18.0462  271.6427  271.6573   73.3360   -1.5805  199.8872
 1.1575    255.2183  -17.6098  272.8282  272.8428   74.1719   -1.5409  200.1972
 1.1600    256.8431  -17.1832  274.0263  274.0409   75.0196   -1.5015  200.5082
 1.1625    258.4706  -16.7662  275.2368  275.2514   75.8793   -1.4623  200.8198
 1.1650    260.1006  -16.3586  276.4592  276.4737   76.7509   -1.4231  201.1314
 1.1675    261.7329  -15.9601  277.6931  277.7077   77.6346   -1.3840  201.4425
 1.1700    263.3675  -15.5707  278.9381  278.9527   78.5306   -1.3450  201.7526
 1.1725    265.0041  -15.1900  280.1940  280.2086   79.4388   -1.3060  202.0612
 1.1750    266.6425  -14.8178  281.4604  281.4750   80.3593   -1.2669  202.3680
 1.1775    268.2827  -14.4541  282.7368  282.7514   81.2923   -1.2279  202.6723
 1.1800    269.9244  -14.0985  284.0229  284.0376   82.2379   -1.1887  202.9738
 1.1825    271.5675  -13.7510  285.3185  285.3331   83.1961   -1.1496  203.2719
 1.1850    273.2117  -13.4112  286.6230  286.6376   84.1670   -1.1103  203.5662
 1.1875    274.8569  -13.0792  287.9361  287.9507   85.1507   -1.0709  203.8563
 1.1900    276.5029  -12.7545  289.2575  289.2721   86.1473   -1.0314  204.1416
 1.1925    278.1495  -12.4372  290.5867  290.6014   87.1569   -0.9918  204.4216
 1.1950    279.7965  -12.1270  291.9234  291.9381   88.1794   -0.9520  204.6960
 1.1975    281.4436  -11.8237  293.2673  293.2819   89.2151   -0.9121  204.9642
 1.2000    283.0906  -11.5271  294.6178  294.6324   90.2640   -0.8720  205.2258
 1.2025    284.7373  -11.2372  295.9745  295.9892   91.3261   -0.8318  205.4801
 1.2050    286.3834  -10.9536  297.3371  297.3518   92.4015   -0.7913  205.7269
 1.2075    288.0287  -10.6763  298.7050  298.7197   93.4903   -0.7507  205.9654
 1.2100    289.6728  -10.4051  300.0779  300.0926   94.5925   -0.7099  206.1953
 1.2125    291.3154  -10.1398  301.4552  301.4699   95.7082   -0.6689  206.4159
 1.2150    292.9562   -9.8802  302.8364  302.8512   96.8374   -0.6277  206.6267
 1.2175    294.5949   -9.6262  304.2211  304.2358   97.9802   -0.5864  206.8272
 1.2200    296.2310   -9.3776  305.6087  305.6234   99.1366   -0.5448  207.0169
 1.2225    297.8643   -9.1342  306.9985  307.0133  100.3065   -0.5030  207.1950
 1.2250    299.4943   -8.8959  308.3902  308.4050  101.4902   -0.4610  207.3610
 1.2275    301.1205   -8.6625  309.7830  309.7978  102.6875   -0.4188  207.5143
 1.2300    302.7426   -8.4337  311.1763  311.1911  103.8984   -0.3764  207.6543
 1.2325    304.3600   -8.2095  312.5695  312.5842  105.1230   -0.3338  207.7803
 1.2350    305.9722   -7.9897  313.9618  313.9766  106.3613   -0.2910  207.8915
 1.2375    307.5786   -7.7740  315.3526  315.3674  107.6132   -0.2480  207.9874
 1.2400    309.1788   -7.5623  316.7411  316.7559  108.8788   -0.2049  208.0672
 1.2425    310.7722   -7.3543  318.1265  318.1413  110.1579   -0.1615  208.1302
 1.2450    312.3580   -7.1500  319.5081  319.5229  111.4505   -0.1180  208.1756
 1.2475    313.9357   -6.9492  320.8849  320.8997  112.7567   -0.0744  208.2026
 1.2500    315.5046   -6.7515  322.2561  322.2709  114.0762   -0.0305  208.2104
 1.2525    317.0639   -6.5569  323.6208  323.6355  115.4091    0.0135  208.1982
 1.2550    318.6129   -6.3650  324.9779  324.9927  116.7552    0.0576  208.1652
 1.2575    320.1508   -6.1758  326.3266  326.3414  118.1144    0.1018  208.1103
 1.2600    321.6767   -5.9890  327.6657  327.6805  119.4867    0.1462  208.0328
 1.2625    323.1899   -5.8044  328.9943  329.0090  120.8718    0.1907  207.9318
 1.2650    324.6894   -5.6217  330.3111  330.3258  122.2697    0.2352  207.8061
 1.2675    326.1742   -5.4408  331.6150  331.6297  123.6802    0.2799  207.6549
 1.2700    327.6435   -5.2613  332.9048  332.9195  125.1031    0.3245  207.4772
 1.2725    329.0961   -5.0832  334.1793  334.1940  126.5382    0.3693  207.2718
 1.2750    330.5310   -4.9060  335.4371  335.4518  127.9853    0.4140  207.0378
 1.2775    331.9472   -4.7297  336.6769  336.6916  129.4441    0.4588  206.7740
 1.2800    333.3435   -4.5538  337.8974  337.9120  130.9145    0.5035  206.4794
 1.2825    334.7188   -4.3783  339.0970  339.1117  132.3961    0.5482  206.1528
 1.2850    336.0717   -4.2027  340.2744  340.2890  133.8887    0.5928  205.7929
 1.2875    337.4012   -4.0269  341.4280  341.4426  135.3920    0.6373  205.3988
 1.2900    338.7058   -3.8505  342.5563  342.5708  136.9055    0.6817  204.9690
 1.2925    339.9843   -3.6733  343.6576  343.6721  138.4291    0.7260  204.5025
 1.2950    341.2354   -3.4950  344.7303  344.7448  139.9623    0.7701  203.9980
 1.2975    342.4575   -3.3153  345.7728  345.7872  141.5046    0.8141  203.4541
 1.3000    343.6493   -3.1339  346.7832  346.7976  143.0557    0.8578  202.8697


 DIST  NH4:   FLUX      FEKM      FIKM      JNH3     JNKCC     JNHE3      GIKM    Na,K-ATP    JKCC    GIKS+GJK    JNH3
 1.1000      4.9099   -0.3117    5.2216  -18.0792   38.7437  -55.0996   21.5774  -48.1416  -12.3496  -16.1055   63.7390
 1.1025      5.5392   -0.2534    5.7925  -17.6948   39.7364  -55.8645   21.9207  -48.6304  -12.2991  -15.9881   65.0153
 1.1050      6.1307   -0.1981    6.3289  -17.3063   40.6660  -56.5677   22.2306  -49.0862  -12.2450  -15.8676   66.2215
 1.1075      6.6977   -0.1458    6.8435  -16.9586   41.5429  -57.2107   22.5112  -49.5156  -12.1887  -15.7455   67.3348
 1.1100      7.2433   -0.0960    7.3394  -16.6527   42.3712  -57.7970   22.7652  -49.9206  -12.1304  -15.6220   68.3596
 1.1125      7.7695   -0.0487    7.8183  -16.3861   43.1542  -58.3303   22.9944  -50.3029  -12.0703  -15.4974   69.3028
 1.1150      8.2781   -0.0037    8.2818  -16.1561   43.8953  -58.8144   23.2009  -50.6643  -12.0085  -15.3719   70.1704
 1.1175      8.7706    0.0392    8.7315  -15.9601   44.5978  -59.2525   23.3862  -51.0062  -11.9451  -15.2457   70.9684
 1.1200      9.2487    0.0802    9.1685  -15.7960   45.2645  -59.6479   23.5520  -51.3303  -11.8804  -15.1189   71.7021
 1.1225      9.7136    0.1193    9.5943  -15.6615   45.8984  -60.0038   23.6996  -51.6377  -11.8143  -14.9917   72.3765
 1.1250     10.1665    0.1567   10.0097  -15.5546   46.5022  -60.3229   23.8305  -51.9300  -11.7470  -14.8641   72.9963
 1.1275     10.6086    0.1926   10.4160  -15.4734   47.0783  -60.6080   23.9457  -52.2082  -11.6785  -14.7362   73.5656
 1.1300     11.0408    0.2270   10.8139  -15.4163   47.6292  -60.8617   24.0463  -52.4736  -11.6089  -14.6082   74.0883
 1.1325     11.4642    0.2600   11.2042  -15.3815   48.1570  -61.0863   24.1335  -52.7272  -11.5381  -14.4801   74.5682
 1.1350     11.8795    0.2917   11.5879  -15.3677   48.6639  -61.2840   24.2080  -52.9700  -11.4663  -14.3520   75.0085
 1.1375     12.2876    0.3221   11.9655  -15.3733   49.1517  -61.4569   24.2707  -53.2029  -11.3935  -14.2238   75.4124
 1.1400     12.6892    0.3515   12.3377  -15.3971   49.6224  -61.6070   24.3223  -53.4268  -11.3196  -14.0957   75.7826
 1.1425     13.0849    0.3798   12.7051  -15.4379   50.0774  -61.7360   24.3636  -53.6425  -11.2447  -13.9676   76.1220
 1.1450     13.4753    0.4071   13.0682  -15.4945   50.5186  -61.8456   24.3952  -53.8507  -11.1688  -13.8396   76.4327
 1.1475     13.8609    0.4334   13.4275  -15.5659   50.9472  -61.9374   24.4177  -54.0522  -11.0918  -13.7117   76.7173
 1.1500     14.2423    0.4589   13.7834  -15.6510   51.3647  -62.0128   24.4316  -54.2474  -11.0138  -13.5839   76.9776
 1.1525     14.6200    0.4835   14.1365  -15.7490   51.7722  -62.0732   24.4374  -54.4372  -10.9348  -13.4562   77.2157
 1.1550     14.9943    0.5073   14.4870  -15.8591   52.1711  -62.1197   24.4356  -54.6219  -10.8547  -13.3287   77.4332
 1.1575     15.3656    0.5304   14.8352  -15.9804   52.5622  -62.1535   24.4265  -54.8021  -10.7736  -13.2013   77.6319
 1.1600     15.7344    0.5528   15.1816  -16.1122   52.9468  -62.1757   24.4106  -54.9783  -10.6914  -13.0741   77.8133
 1.1625     16.1009    0.5744   15.5264  -16.2538   53.3256  -62.1873   24.3882  -55.1509  -10.6081  -12.9470   77.9787
 1.1650     16.4654    0.5954   15.8699  -16.4046   53.6995  -62.1891   24.3595  -55.3202  -10.5237  -12.8201   78.1294
 1.1675     16.8282    0.6158   16.2123  -16.5639   54.0694  -62.1821   24.3250  -55.4868  -10.4382  -12.6933   78.2667
 1.1700     17.1895    0.6356   16.5539  -16.7313   54.4360  -62.1669   24.2848  -55.6508  -10.3515  -12.5667   78.3917
 1.1725     17.5497    0.6548   16.8948  -16.9061   54.7999  -62.1443   24.2392  -55.8126  -10.2637  -12.4403   78.5053
 1.1750     17.9088    0.6735   17.2353  -17.0880   55.1619  -62.1150   24.1884  -55.9725  -10.1746  -12.3140   78.6085
 1.1775     18.2671    0.6916   17.5755  -17.2764   55.5224  -62.0795   24.1326  -56.1308  -10.0844  -12.1879   78.7021
 1.1800     18.6248    0.7092   17.9156  -17.4710   55.8820  -62.0385   24.0721  -56.2877   -9.9929  -12.0619   78.7871
 1.1825     18.9821    0.7263   18.2558  -17.6712   56.2413  -61.9924   24.0069  -56.4434   -9.9001  -11.9361   78.8641
 1.1850     19.3390    0.7429   18.5961  -17.8769   56.6007  -61.9418   23.9373  -56.5981   -9.8060  -11.8104   78.9338
 1.1875     19.6958    0.7590   18.9368  -18.0875   56.9606  -61.8871   23.8633  -56.7521   -9.7106  -11.6850   78.9969
 1.1900     20.0525    0.7747   19.2778  -18.3029   57.3215  -61.8287   23.7851  -56.9054   -9.6139  -11.5597   79.0539
 1.1925     20.4093    0.7899   19.6194  -18.5226   57.6837  -61.7670   23.7028  -57.0583   -9.5158  -11.4345   79.1053
 1.1950     20.7662    0.8046   19.9616  -18.7464   58.0475  -61.7024   23.6165  -57.2108   -9.4162  -11.3095   79.1518
 1.1975     21.1234    0.8189   20.3045  -18.9740   58.4132  -61.6351   23.5263  -57.3632   -9.3153  -11.1847   79.1937
 1.2000     21.4810    0.8328   20.6482  -19.2053   58.7813  -61.5655   23.4324  -57.5155   -9.2129  -11.0601   79.2315
 1.2025     21.8389    0.8462   20.9927  -19.4398   59.1518  -61.4938   23.3347  -57.6679   -9.1090  -10.9357   79.2655
 1.2050     22.1974    0.8592   21.3382  -19.6774   59.5252  -61.4204   23.2334  -57.8204   -9.0036  -10.8114   79.2962
 1.2075     22.5564    0.8718   21.6846  -19.9179   59.9015  -61.3453   23.1284  -57.9732   -8.8967  -10.6873   79.3239
 1.2100     22.9159    0.8839   22.0320  -20.1611   60.2811  -61.2690   23.0200  -58.1262   -8.7882  -10.5634   79.3488
 1.2125     23.2762    0.8956   22.3806  -20.4067   60.6641  -61.1916   22.9080  -58.2796   -8.6781  -10.4397   79.3713
 1.2150     23.6371    0.9069   22.7302  -20.6547   61.0507  -61.1132   22.7927  -58.4335   -8.5663  -10.3163   79.3916
 1.2175     23.9987    0.9177   23.0809  -20.9048   61.4410  -61.0340   22.6739  -58.5878   -8.4530  -10.1930   79.4100
 1.2200     24.3610    0.9282   23.4329  -21.1568   61.8353  -60.9543   22.5518  -58.7427   -8.3379  -10.0700   79.4266
 1.2225     24.7241    0.9382   23.7860  -21.4106   62.2336  -60.8741   22.4264  -58.8982   -8.2211   -9.9472   79.4418
 1.2250     25.0880    0.9477   24.1403  -21.6661   62.6361  -60.7936   22.2977  -59.0543   -8.1026   -9.8246   79.4556
 1.2275     25.4526    0.9568   24.4958  -21.9230   63.0429  -60.7129   22.1658  -59.2110   -7.9823   -9.7023   79.4683
 1.2300     25.8180    0.9655   24.8525  -22.1813   63.4540  -60.6322   22.0306  -59.3683   -7.8602   -9.5803   79.4800
 1.2325     26.1841    0.9738   25.2104  -22.4407   63.8697  -60.5515   21.8922  -59.5264   -7.7363   -9.4585   79.4909
 1.2350     26.5510    0.9815   25.5695  -22.7013   64.2898  -60.4710   21.7507  -59.6851   -7.6106   -9.3371   79.5010
 1.2375     26.9187    0.9889   25.9298  -22.9627   64.7146  -60.3907   21.6060  -59.8445   -7.4829   -9.2160   79.5105
 1.2400     27.2871    0.9957   26.2913  -23.2250   65.1440  -60.3108   21.4581  -60.0046   -7.3534   -9.0952   79.5195
 1.2425     27.6561    1.0022   26.6540  -23.4879   65.5782  -60.2314   21.3072  -60.1654   -7.2219   -8.9748   79.5281
 1.2450     28.0258    1.0081   27.0177  -23.7513   66.0170  -60.1524   21.1531  -60.3268   -7.0884   -8.8547   79.5364
 1.2475     28.3962    1.0136   27.3826  -24.0152   66.4607  -60.0740   20.9960  -60.4890   -6.9530   -8.7350   79.5444
 1.2500     28.7671    1.0185   27.7486  -24.2794   66.9091  -59.9963   20.8358  -60.6517   -6.8155   -8.6158   79.5523
 1.2525     29.1385    1.0230   28.1155  -24.5437   67.3623  -59.9193   20.6726  -60.8151   -6.6760   -8.4970   79.5600
 1.2550     29.5105    1.0270   28.4835  -24.8081   67.8203  -59.8431   20.5063  -60.9791   -6.5345   -8.3787   79.5677
 1.2575     29.8828    1.0305   28.8523  -25.0724   68.2831  -59.7678   20.3371  -61.1436   -6.3908   -8.2609   79.5753
 1.2600     30.2555    1.0334   29.2221  -25.3365   68.7506  -59.6933   20.1648  -61.3087   -6.2451   -8.1437   79.5830
 1.2625     30.6284    1.0358   29.5926  -25.6004   69.2228  -59.6198   19.9896  -61.4743   -6.0972   -8.0270   79.5907
 1.2650     31.0016    1.0377   29.9639  -25.8638   69.6996  -59.5473   19.8115  -61.6403   -5.9472   -7.9109   79.5985
 1.2675     31.3749    1.0391   30.3358  -26.1266   70.1811  -59.4758   19.6305  -61.8068   -5.7950   -7.7955   79.6064
 1.2700     31.7482    1.0399   30.7083  -26.3888   70.6672  -59.4055   19.4466  -61.9736   -5.6406   -7.6807   79.6144
 1.2725     32.1214    1.0401   31.0813  -26.6502   71.1578  -59.3363   19.2598  -62.1408   -5.4840   -7.5667   79.6225
 1.2750     32.4945    1.0398   31.4548  -26.9107   71.6528  -59.2683   19.0703  -62.3082   -5.3252   -7.4534   79.6308
 1.2775     32.8674    1.0388   31.8285  -27.1701   72.1521  -59.2015   18.8779  -62.4758   -5.1641   -7.3409   79.6393
 1.2800     33.2398    1.0373   32.2025  -27.4284   72.6557  -59.1360   18.6828  -62.6436   -5.0008   -7.2293   79.6478
 1.2825     33.6117    1.0352   32.5765  -27.6854   73.1634  -59.0719   18.4850  -62.8115   -4.8353   -7.1186   79.6566
 1.2850     33.9831    1.0325   32.9506  -27.9410   73.6751  -59.0091   18.2846  -62.9795   -4.6674   -7.0089   79.6655
 1.2875     34.3536    1.0291   33.3245  -28.1950   74.1908  -58.9478   18.0815  -63.1474   -4.4973   -6.9002   79.6745
 1.2900     34.7233    1.0251   33.6982  -28.4473   74.7103  -58.8879   17.8758  -63.3152   -4.3250   -6.7926   79.6837
 1.2925     35.0920    1.0205   34.0715  -28.6978   75.2335  -58.8296   17.6677  -63.4830   -4.1503   -6.6860   79.6930
 1.2950     35.4595    1.0152   34.4443  -28.9464   75.7601  -58.7729   17.4570  -63.6505   -3.9734   -6.5807   79.7024
 1.2975     35.8257    1.0093   34.8164  -29.1929   76.2902  -58.7178   17.2439  -63.8177   -3.7941   -6.4766   79.7120
 1.3000     36.1903    1.0027   35.1877  -29.4372   76.8236  -58.6644   17.0285  -63.9846   -3.6126   -6.3739   79.7217
