

 DIST  Na:   FLUX      FEKM      FIKM
 1.0000    146.8302  146.8302    0.0000
 1.0025    138.9711  138.9711    0.0000
 1.0050    131.3292  131.3292    0.0000
 1.0075    124.0363  124.0363    0.0000
 1.0100    117.1631  117.1631    0.0000
 1.0125    110.7487  110.7487    0.0000
 1.0150    104.8117  104.8117    0.0000
 1.0175     99.3553   99.3553    0.0000
 1.0200     94.3708   94.3708    0.0000
 1.0225     89.8406   89.8406    0.0000
 1.0250     85.7404   85.7404    0.0000
 1.0275     82.0413   82.0413    0.0000
 1.0300     78.7118   78.7118    0.0000
 1.0325     75.7189   75.7189    0.0000
 1.0350     73.0294   73.0294    0.0000
 1.0375     70.6112   70.6112    0.0000
 1.0400     68.4335   68.4335    0.0000
 1.0425     66.4674   66.4674    0.0000
 1.0450     64.6864   64.6864    0.0000
 1.0475     63.0662   63.0662    0.0000
 1.0500     61.5849   61.5849    0.0000
 1.0525     60.2231   60.2231    0.0000
 1.0550     58.9637   58.9637    0.0000
 1.0575     57.7916   57.7916    0.0000
 1.0600     56.6936   56.6936    0.0000
 1.0625     55.6584   55.6584    0.0000
 1.0650     54.6763   54.6763    0.0000
 1.0675     53.7390   53.7390    0.0000
 1.0700     52.8393   52.8393    0.0000
 1.0725     51.9714   51.9714    0.0000
 1.0750     51.1301   51.1301    0.0000
 1.0775     50.3112   50.3112    0.0000
 1.0800     49.5113   49.5113    0.0000
 1.0825     48.7273   48.7273    0.0000
 1.0850     47.9569   47.9569    0.0000
 1.0875     47.1979   47.1979    0.0000
 1.0900     46.4488   46.4488    0.0000
 1.0925     45.7081   45.7081    0.0000
 1.0950     44.9748   44.9748    0.0000
 1.0975     44.2478   44.2478    0.0000
 1.1000     43.5264   43.5264    0.0000


 DIST  K:     FLUX      FEKM      FIKM
 1.0000      8.2892    8.2892    0.0000
 1.0025      7.9385    7.9385    0.0000
 1.0050      7.5943    7.5943    0.0000
 1.0075      7.2633    7.2633    0.0000
 1.0100      6.9489    6.9489    0.0000
 1.0125      6.6534    6.6534    0.0000
 1.0150      6.3777    6.3777    0.0000
 1.0175      6.1223    6.1223    0.0000
 1.0200      5.8869    5.8869    0.0000
 1.0225      5.6711    5.6711    0.0000
 1.0250      5.4738    5.4738    0.0000
 1.0275      5.2938    5.2938    0.0000
 1.0300      5.1299    5.1299    0.0000
 1.0325      4.9807    4.9807    0.0000
 1.0350      4.8447    4.8447    0.0000
 1.0375      4.7205    4.7205    0.0000
 1.0400      4.6069    4.6069    0.0000
 1.0425      4.5025    4.5025    0.0000
 1.0450      4.4063    4.4063    0.0000
 1.0475      4.3170    4.3170    0.0000
 1.0500      4.2339    4.2339    0.0000
 1.0525      4.1559    4.1559    0.0000
 1.0550      4.0824    4.0824    0.0000
 1.0575      4.0127    4.0127    0.0000
 1.0600      3.9463    3.9463    0.0000
 1.0625      3.8825    3.8825    0.0000
 1.0650      3.8211    3.8211    0.0000
 1.0675      3.7615    3.7615    0.0000
 1.0700      3.7036    3.7036    0.0000
 1.0725      3.6471    3.6471    0.0000
 1.0750      3.5916    3.5916    0.0000
 1.0775      3.5372    3.5372    0.0000
 1.0800      3.4835    3.4835    0.0000
 1.0825      3.4305    3.4305    0.0000
 1.0850      3.3781    3.3781    0.0000
 1.0875      3.3262    3.3262    0.0000
 1.0900      3.2748    3.2748    0.0000
 1.0925      3.2237    3.2237    0.0000
 1.0950      3.1729    3.1729    0.0000
 1.0975      3.1225    3.1225    0.0000
 1.1000      3.0723    3.0723    0.0000


 DIST  Cl:   FLUX      FEKM      FIKM
 1.0000    155.8602  155.8602    0.0000
 1.0025    147.6803  147.6803    0.0000
 1.0050    139.7035  139.7035    0.0000
 1.0075    132.0742  132.0742    0.0000
 1.0100    124.8689  124.8689    0.0000
 1.0125    118.1302  118.1302    0.0000
 1.0150    111.8782  111.8782    0.0000
 1.0175    106.1172  106.1172    0.0000
 1.0200    100.8392  100.8392    0.0000
 1.0225     96.0266   96.0266    0.0000
 1.0250     91.6549   91.6549    0.0000
 1.0275     87.6948   87.6948    0.0000
 1.0300     84.1142   84.1142    0.0000
 1.0325     80.8794   80.8794    0.0000
 1.0350     77.9566   77.9566    0.0000
 1.0375     75.3128   75.3128    0.0000
 1.0400     72.9164   72.9164    0.0000
 1.0425     70.7379   70.7379    0.0000
 1.0450     68.7498   68.7498    0.0000
 1.0475     66.9274   66.9274    0.0000
 1.0500     65.2482   65.2482    0.0000
 1.0525     63.6922   63.6922    0.0000
 1.0550     62.2417   62.2417    0.0000
 1.0575     60.8811   60.8811    0.0000
 1.0600     59.5971   59.5971    0.0000
 1.0625     58.3779   58.3779    0.0000
 1.0650     57.2135   57.2135    0.0000
 1.0675     56.0953   56.0953    0.0000
 1.0700     55.0161   55.0161    0.0000
 1.0725     53.9698   53.9698    0.0000
 1.0750     52.9510   52.9510    0.0000
 1.0775     51.9556   51.9556    0.0000
 1.0800     50.9798   50.9798    0.0000
 1.0825     50.0206   50.0206    0.0000
 1.0850     49.0757   49.0757    0.0000
 1.0875     48.1428   48.1428    0.0000
 1.0900     47.2202   47.2202    0.0000
 1.0925     46.3067   46.3067    0.0000
 1.0950     45.4010   45.4010    0.0000
 1.0975     44.5021   44.5021    0.0000
 1.1000     43.6094   43.6094    0.0000


 DIST  NH4:   FLUX      FEKM      FIKM      JNH3
 1.0000      2.1273    2.1273    0.0000   -1.6586
 1.0025      2.0222    2.0222    0.0000   -1.6586
 1.0050      1.9183    1.9183    0.0000   -1.6586
 1.0075      1.8175    1.8175    0.0000   -1.6586
 1.0100      1.7212    1.7212    0.0000   -1.6586
 1.0125      1.6300    1.6300    0.0000   -1.6586
 1.0150      1.5446    1.5446    0.0000   -1.6586
 1.0175      1.4650    1.4650    0.0000   -1.6586
 1.0200      1.3915    1.3915    0.0000   -1.6586
 1.0225      1.3238    1.3238    0.0000   -1.6586
 1.0250      1.2618    1.2618    0.0000   -1.6586
 1.0275      1.2052    1.2052    0.0000   -1.6586
 1.0300      1.1537    1.1537    0.0000   -1.6586
 1.0325      1.1067    1.1067    0.0000   -1.6586
 1.0350      1.0640    1.0640    0.0000   -1.6586
 1.0375      1.0250    1.0250    0.0000   -1.6586
 1.0400      0.9894    0.9894    0.0000   -1.6586
 1.0425      0.9568    0.9568    0.0000   -1.6586
 1.0450      0.9268    0.9268    0.0000   -1.6586
 1.0475      0.8990    0.8990    0.0000   -1.6586
 1.0500      0.8731    0.8731    0.0000   -1.6586
 1.0525      0.8488    0.8488    0.0000   -1.6586
 1.0550      0.8260    0.8260    0.0000   -1.6586
 1.0575      0.8042    0.8042    0.0000   -1.6586
 1.0600      0.7834    0.7834    0.0000   -1.6586
 1.0625      0.7633    0.7633    0.0000   -1.6586
 1.0650      0.7439    0.7439    0.0000   -1.6586
 1.0675      0.7249    0.7249    0.0000   -1.6586
 1.0700      0.7062    0.7062    0.0000   -1.6586
 1.0725      0.6878    0.6878    0.0000   -1.6586
 1.0750      0.6695    0.6695    0.0000   -1.6586
 1.0775      0.6514    0.6514    0.0000   -1.6586
 1.0800      0.6333    0.6333    0.0000   -1.6586
 1.0825      0.6151    0.6151    0.0000   -1.6586
 1.0850      0.5969    0.5969    0.0000   -1.6586
 1.0875      0.5786    0.5786    0.0000   -1.6586
 1.0900      0.5602    0.5602    0.0000   -1.6586
 1.0925      0.5416    0.5416    0.0000   -1.6586
 1.0950      0.5229    0.5229    0.0000   -1.6586
 1.0975      0.5039    0.5039    0.0000   -1.6586
 1.1000      0.4848    0.4848    0.0000   -1.6586
