

 DIST  Na:   FLUX      FEKM      FIKM
 1.1000     75.6226   75.6226    0.0000
 1.1050     82.4764   82.4764    0.0000
 1.1100     89.3095   89.3095    0.0000
 1.1150     96.0912   96.0912    0.0000
 1.1200    102.7992  102.7992    0.0000
 1.1250    109.4154  109.4154    0.0000
 1.1300    115.9247  115.9247    0.0000
 1.1350    122.3151  122.3151    0.0000
 1.1400    128.5768  128.5768    0.0000
 1.1450    134.7019  134.7019    0.0000
 1.1500    140.6840  140.6840    0.0000
 1.1550    146.5176  146.5176    0.0000
 1.1600    152.1984  152.1984    0.0000
 1.1650    157.7227  157.7227    0.0000
 1.1700    163.0874  163.0874    0.0000
 1.1750    168.2897  168.2897    0.0000
 1.1800    173.3275  173.3275    0.0000
 1.1850    178.1990  178.1990    0.0000
 1.1900    182.9024  182.9024    0.0000
 1.1950    187.4366  187.4366    0.0000
 1.2000    191.8006  191.8006    0.0000


 DIST  K:     FLUX      FEKM      FIKM
 1.1000      4.4774    4.4774    0.0000
 1.1050      4.6128    4.6128    0.0000
 1.1100      4.7480    4.7480    0.0000
 1.1150      4.8814    4.8814    0.0000
 1.1200      5.0123    5.0123    0.0000
 1.1250      5.1398    5.1398    0.0000
 1.1300      5.2633    5.2633    0.0000
 1.1350      5.3823    5.3823    0.0000
 1.1400      5.4962    5.4962    0.0000
 1.1450      5.6049    5.6049    0.0000
 1.1500      5.7081    5.7081    0.0000
 1.1550      5.8055    5.8055    0.0000
 1.1600      5.8969    5.8969    0.0000
 1.1650      5.9823    5.9823    0.0000
 1.1700      6.0615    6.0615    0.0000
 1.1750      6.1345    6.1345    0.0000
 1.1800      6.2011    6.2011    0.0000
 1.1850      6.2613    6.2613    0.0000
 1.1900      6.3152    6.3152    0.0000
 1.1950      6.3626    6.3626    0.0000
 1.2000      6.4036    6.4036    0.0000


 DIST  Cl:   FLUX      FEKM      FIKM
 1.1000     85.8364   85.8364    0.0000
 1.1050     92.7354   92.7354    0.0000
 1.1100     99.6082   99.6082    0.0000
 1.1150    106.4236  106.4236    0.0000
 1.1200    113.1591  113.1591    0.0000
 1.1250    119.7965  119.7965    0.0000
 1.1300    126.3208  126.3208    0.0000
 1.1350    132.7198  132.7198    0.0000
 1.1400    138.9836  138.9836    0.0000
 1.1450    145.1042  145.1042    0.0000
 1.1500    151.0752  151.0752    0.0000
 1.1550    156.8910  156.8910    0.0000
 1.1600    162.5473  162.5473    0.0000
 1.1650    168.0402  168.0402    0.0000
 1.1700    173.3665  173.3665    0.0000
 1.1750    178.5236  178.5236    0.0000
 1.1800    183.5092  183.5092    0.0000
 1.1850    188.3213  188.3213    0.0000
 1.1900    192.9585  192.9585    0.0000
 1.1950    197.4193  197.4193    0.0000
 1.2000    201.7028  201.7028    0.0000


 DIST  NH4:   FLUX      FEKM      FIKM      JNH3
 1.1000      1.6228    1.6228    0.0000   -0.8115
 1.1050      1.6967    1.6967    0.0000   -0.8115
 1.1100      1.7664    1.7664    0.0000   -0.8115
 1.1150      1.8324    1.8324    0.0000   -0.8115
 1.1200      1.8954    1.8954    0.0000   -0.8115
 1.1250      1.9559    1.9559    0.0000   -0.8115
 1.1300      2.0143    2.0143    0.0000   -0.8115
 1.1350      2.0709    2.0709    0.0000   -0.8115
 1.1400      2.1261    2.1261    0.0000   -0.8115
 1.1450      2.1799    2.1799    0.0000   -0.8115
 1.1500      2.2326    2.2326    0.0000   -0.8115
 1.1550      2.2840    2.2840    0.0000   -0.8115
 1.1600      2.3343    2.3343    0.0000   -0.8115
 1.1650      2.3834    2.3834    0.0000   -0.8115
 1.1700      2.4314    2.4314    0.0000   -0.8115
 1.1750      2.4781    2.4781    0.0000   -0.8115
 1.1800      2.5237    2.5237    0.0000   -0.8115
 1.1850      2.5679    2.5679    0.0000   -0.8115
 1.1900      2.6107    2.6107    0.0000   -0.8115
 1.1950      2.6522    2.6522    0.0000   -0.8115
 1.2000      2.6923    2.6923    0.0000   -0.8115


 DIST  Na:   FLUX      FEKM      FIKM
 1.1000     85.2103   85.2103    0.0000
 1.1050     91.7812   91.7812    0.0000
 1.1100     98.3745   98.3745    0.0000
 1.1150    104.9608  104.9608    0.0000
 1.1200    111.5183  111.5183    0.0000
 1.1250    118.0279  118.0279    0.0000
 1.1300    124.4731  124.4731    0.0000
 1.1350    130.8397  130.8397    0.0000
 1.1400    137.1156  137.1156    0.0000
 1.1450    143.2907  143.2907    0.0000
 1.1500    149.3561  149.3561    0.0000
 1.1550    155.3045  155.3045    0.0000
 1.1600    161.1296  161.1296    0.0000
 1.1650    166.8261  166.8261    0.0000
 1.1700    172.3892  172.3892    0.0000
 1.1750    177.8150  177.8150    0.0000
 1.1800    183.0998  183.0998    0.0000
 1.1850    188.2408  188.2408    0.0000
 1.1900    193.2351  193.2351    0.0000
 1.1950    198.0804  198.0804    0.0000
 1.2000    202.7749  202.7749    0.0000
 1.2050    207.3166  207.3166    0.0000
 1.2100    211.7042  211.7042    0.0000
 1.2150    215.9364  215.9364    0.0000
 1.2200    220.0121  220.0121    0.0000
 1.2250    223.9306  223.9306    0.0000
 1.2300    227.6913  227.6913    0.0000
 1.2350    231.2939  231.2939    0.0000
 1.2400    234.7380  234.7380    0.0000
 1.2450    238.0237  238.0237    0.0000
 1.2500    241.1512  241.1512    0.0000
 1.2550    244.1207  244.1207    0.0000
 1.2600    246.9328  246.9328    0.0000
 1.2650    249.5881  249.5881    0.0000
 1.2700    252.0875  252.0875    0.0000
 1.2750    254.4319  254.4319    0.0000
 1.2800    256.6225  256.6225    0.0000
 1.2850    258.6605  258.6605    0.0000
 1.2900    260.5473  260.5473    0.0000
 1.2950    262.2844  262.2844    0.0000
 1.3000    263.8736  263.8736    0.0000


 DIST  K:     FLUX      FEKM      FIKM
 1.1000      5.2613    5.2613    0.0000
 1.1050      5.3892    5.3892    0.0000
 1.1100      5.5184    5.5184    0.0000
 1.1150      5.6475    5.6475    0.0000
 1.1200      5.7757    5.7757    0.0000
 1.1250      5.9023    5.9023    0.0000
 1.1300      6.0263    6.0263    0.0000
 1.1350      6.1474    6.1474    0.0000
 1.1400      6.2649    6.2649    0.0000
 1.1450      6.3785    6.3785    0.0000
 1.1500      6.4877    6.4877    0.0000
 1.1550      6.5923    6.5923    0.0000
 1.1600      6.6920    6.6920    0.0000
 1.1650      6.7865    6.7865    0.0000
 1.1700      6.8758    6.8758    0.0000
 1.1750      6.9595    6.9595    0.0000
 1.1800      7.0377    7.0377    0.0000
 1.1850      7.1102    7.1102    0.0000
 1.1900      7.1768    7.1768    0.0000
 1.1950      7.2376    7.2376    0.0000
 1.2000      7.2925    7.2925    0.0000
 1.2050      7.3413    7.3413    0.0000
 1.2100      7.3842    7.3842    0.0000
 1.2150      7.4211    7.4211    0.0000
 1.2200      7.4519    7.4519    0.0000
 1.2250      7.4767    7.4767    0.0000
 1.2300      7.4954    7.4954    0.0000
 1.2350      7.5082    7.5082    0.0000
 1.2400      7.5150    7.5150    0.0000
 1.2450      7.5159    7.5159    0.0000
 1.2500      7.5109    7.5109    0.0000
 1.2550      7.5001    7.5001    0.0000
 1.2600      7.4836    7.4836    0.0000
 1.2650      7.4614    7.4614    0.0000
 1.2700      7.4336    7.4336    0.0000
 1.2750      7.4004    7.4004    0.0000
 1.2800      7.3617    7.3617    0.0000
 1.2850      7.3178    7.3178    0.0000
 1.2900      7.2687    7.2687    0.0000
 1.2950      7.2145    7.2145    0.0000
 1.3000      7.1554    7.1554    0.0000


 DIST  Cl:   FLUX      FEKM      FIKM
 1.1000     96.4430   96.4430    0.0000
 1.1050    103.0597  103.0597    0.0000
 1.1100    109.6952  109.6952    0.0000
 1.1150    116.3195  116.3195    0.0000
 1.1200    122.9104  122.9104    0.0000
 1.1250    129.4487  129.4487    0.0000
 1.1300    135.9177  135.9177    0.0000
 1.1350    142.3028  142.3028    0.0000
 1.1400    148.5921  148.5921    0.0000
 1.1450    154.7749  154.7749    0.0000
 1.1500    160.8426  160.8426    0.0000
 1.1550    166.7875  166.7875    0.0000
 1.1600    172.6033  172.6033    0.0000
 1.1650    178.2845  178.2845    0.0000
 1.1700    183.8262  183.8262    0.0000
 1.1750    189.2244  189.2244    0.0000
 1.1800    194.4754  194.4754    0.0000
 1.1850    199.5760  199.5760    0.0000
 1.1900    204.5237  204.5237    0.0000
 1.1950    209.3158  209.3158    0.0000
 1.2000    213.9505  213.9505    0.0000
 1.2050    218.4258  218.4258    0.0000
 1.2100    222.7404  222.7404    0.0000
 1.2150    226.8928  226.8928    0.0000
 1.2200    230.8822  230.8822    0.0000
 1.2250    234.7078  234.7078    0.0000
 1.2300    238.3688  238.3688    0.0000
 1.2350    241.8651  241.8651    0.0000
 1.2400    245.1963  245.1963    0.0000
 1.2450    248.3626  248.3626    0.0000
 1.2500    251.3642  251.3642    0.0000
 1.2550    254.2014  254.2014    0.0000
 1.2600    256.8749  256.8749    0.0000
 1.2650    259.3854  259.3854    0.0000
 1.2700    261.7337  261.7337    0.0000
 1.2750    263.9210  263.9210    0.0000
 1.2800    265.9485  265.9485    0.0000
 1.2850    267.8176  267.8176    0.0000
 1.2900    269.5297  269.5297    0.0000
 1.2950    271.0867  271.0867    0.0000
 1.3000    272.4902  272.4902    0.0000


 DIST  NH4:   FLUX      FEKM      FIKM      JNH3
 1.1000      1.7493    1.7493    0.0000   -0.6413
 1.1050      1.8197    1.8197    0.0000   -0.6413
 1.1100      1.8871    1.8871    0.0000   -0.6413
 1.1150      1.9516    1.9516    0.0000   -0.6413
 1.1200      2.0137    2.0137    0.0000   -0.6413
 1.1250      2.0737    2.0737    0.0000   -0.6413
 1.1300      2.1319    2.1319    0.0000   -0.6413
 1.1350      2.1887    2.1887    0.0000   -0.6413
 1.1400      2.2443    2.2443    0.0000   -0.6413
 1.1450      2.2987    2.2987    0.0000   -0.6413
 1.1500      2.3522    2.3522    0.0000   -0.6413
 1.1550      2.4048    2.4048    0.0000   -0.6413
 1.1600      2.4565    2.4565    0.0000   -0.6413
 1.1650      2.5074    2.5074    0.0000   -0.6413
 1.1700      2.5574    2.5574    0.0000   -0.6413
 1.1750      2.6065    2.6065    0.0000   -0.6413
 1.1800      2.6546    2.6546    0.0000   -0.6413
 1.1850      2.7018    2.7018    0.0000   -0.6413
 1.1900      2.7480    2.7480    0.0000   -0.6413
 1.1950      2.7931    2.7931    0.0000   -0.6413
 1.2000      2.8370    2.8370    0.0000   -0.6413
 1.2050      2.8798    2.8798    0.0000   -0.6413
 1.2100      2.9213    2.9213    0.0000   -0.6413
 1.2150      2.9616    2.9616    0.0000   -0.6413
 1.2200      3.0005    3.0005    0.0000   -0.6413
 1.2250      3.0380    3.0380    0.0000   -0.6413
 1.2300      3.0741    3.0741    0.0000   -0.6413
 1.2350      3.1088    3.1088    0.0000   -0.6413
 1.2400      3.1419    3.1419    0.0000   -0.6413
 1.2450      3.1735    3.1735    0.0000   -0.6413
 1.2500      3.2034    3.2034    0.0000   -0.6413
 1.2550      3.2318    3.2318    0.0000   -0.6413
 1.2600      3.2586    3.2586    0.0000   -0.6413
 1.2650      3.2836    3.2836    0.0000   -0.6413
 1.2700      3.3070    3.3070    0.0000   -0.6413
 1.2750      3.3286    3.3286    0.0000   -0.6413
 1.2800      3.3486    3.3486    0.0000   -0.6413
 1.2850      3.3668    3.3668    0.0000   -0.6413
 1.2900      3.3832    3.3832    0.0000   -0.6413
 1.2950      3.3979    3.3979    0.0000   -0.6413
 1.3000      3.4107    3.4107    0.0000   -0.6413


 DIST  Na:   FLUX      FEKM      FIKM
 1.1000     94.2477   94.2477    0.0000
 1.1050    100.4938  100.4938    0.0000
 1.1100    106.7993  106.7993    0.0000
 1.1150    113.1364  113.1364    0.0000
 1.1200    119.4840  119.4840    0.0000
 1.1250    125.8226  125.8226    0.0000
 1.1300    132.1348  132.1348    0.0000
 1.1350    138.4048  138.4048    0.0000
 1.1400    144.6186  144.6186    0.0000
 1.1450    150.7643  150.7643    0.0000
 1.1500    156.8309  156.8309    0.0000
 1.1550    162.8092  162.8092    0.0000
 1.1600    168.6910  168.6910    0.0000
 1.1650    174.4693  174.4693    0.0000
 1.1700    180.1379  180.1379    0.0000
 1.1750    185.6912  185.6912    0.0000
 1.1800    191.1245  191.1245    0.0000
 1.1850    196.4337  196.4337    0.0000
 1.1900    201.6148  201.6148    0.0000
 1.1950    206.6647  206.6647    0.0000
 1.2000    211.5805  211.5805    0.0000
 1.2050    216.3595  216.3595    0.0000
 1.2100    220.9994  220.9994    0.0000
 1.2150    225.4984  225.4984    0.0000
 1.2200    229.8545  229.8545    0.0000
 1.2250    234.0664  234.0664    0.0000
 1.2300    238.1327  238.1327    0.0000
 1.2350    242.0524  242.0524    0.0000
 1.2400    245.8245  245.8245    0.0000
 1.2450    249.4484  249.4484    0.0000
 1.2500    252.9236  252.9236    0.0000
 1.2550    256.2498  256.2498    0.0000
 1.2600    259.4267  259.4267    0.0000
 1.2650    262.4544  262.4544    0.0000
 1.2700    265.3330  265.3330    0.0000
 1.2750    268.0628  268.0628    0.0000
 1.2800    270.6444  270.6444    0.0000
 1.2850    273.0782  273.0782    0.0000
 1.2900    275.3649  275.3649    0.0000
 1.2950    277.5056  277.5056    0.0000
 1.3000    279.5012  279.5012    0.0000
 1.3050    281.3527  281.3527    0.0000
 1.3100    283.0614  283.0614    0.0000
 1.3150    284.6288  284.6288    0.0000
 1.3200    286.0561  286.0561    0.0000
 1.3250    287.3451  287.3451    0.0000
 1.3300    288.4975  288.4975    0.0000
 1.3350    289.5150  289.5150    0.0000
 1.3400    290.3994  290.3994    0.0000
 1.3450    291.1529  291.1529    0.0000
 1.3500    291.7774  291.7774    0.0000
 1.3550    292.2750  292.2750    0.0000
 1.3600    292.6481  292.6481    0.0000
 1.3650    292.8988  292.8988    0.0000
 1.3700    293.0298  293.0298    0.0000
 1.3750    293.0431  293.0431    0.0000
 1.3800    292.9414  292.9414    0.0000
 1.3850    292.7273  292.7273    0.0000
 1.3900    292.4035  292.4035    0.0000
 1.3950    291.9724  291.9724    0.0000
 1.4000    291.4370  291.4370    0.0000


 DIST  K:     FLUX      FEKM      FIKM
 1.1000      5.9910    5.9910    0.0000
 1.1050      6.1096    6.1096    0.0000
 1.1100      6.2307    6.2307    0.0000
 1.1150      6.3532    6.3532    0.0000
 1.1200      6.4762    6.4762    0.0000
 1.1250      6.5990    6.5990    0.0000
 1.1300      6.7208    6.7208    0.0000
 1.1350      6.8409    6.8409    0.0000
 1.1400      6.9589    6.9589    0.0000
 1.1450      7.0741    7.0741    0.0000
 1.1500      7.1861    7.1861    0.0000
 1.1550      7.2946    7.2946    0.0000
 1.1600      7.3991    7.3991    0.0000
 1.1650      7.4994    7.4994    0.0000
 1.1700      7.5952    7.5952    0.0000
 1.1750      7.6863    7.6863    0.0000
 1.1800      7.7725    7.7725    0.0000
 1.1850      7.8537    7.8537    0.0000
 1.1900      7.9296    7.9296    0.0000
 1.1950      8.0002    8.0002    0.0000
 1.2000      8.0653    8.0653    0.0000
 1.2050      8.1249    8.1249    0.0000
 1.2100      8.1789    8.1789    0.0000
 1.2150      8.2273    8.2273    0.0000
 1.2200      8.2699    8.2699    0.0000
 1.2250      8.3068    8.3068    0.0000
 1.2300      8.3379    8.3379    0.0000
 1.2350      8.3632    8.3632    0.0000
 1.2400      8.3827    8.3827    0.0000
 1.2450      8.3964    8.3964    0.0000
 1.2500      8.4043    8.4043    0.0000
 1.2550      8.4065    8.4065    0.0000
 1.2600      8.4029    8.4029    0.0000
 1.2650      8.3937    8.3937    0.0000
 1.2700      8.3789    8.3789    0.0000
 1.2750      8.3584    8.3584    0.0000
 1.2800      8.3325    8.3325    0.0000
 1.2850      8.3011    8.3011    0.0000
 1.2900      8.2644    8.2644    0.0000
 1.2950      8.2223    8.2223    0.0000
 1.3000      8.1751    8.1751    0.0000
 1.3050      8.1228    8.1228    0.0000
 1.3100      8.0655    8.0655    0.0000
 1.3150      8.0033    8.0033    0.0000
 1.3200      7.9364    7.9364    0.0000
 1.3250      7.8648    7.8648    0.0000
 1.3300      7.7886    7.7886    0.0000
 1.3350      7.7081    7.7081    0.0000
 1.3400      7.6233    7.6233    0.0000
 1.3450      7.5343    7.5343    0.0000
 1.3500      7.4413    7.4413    0.0000
 1.3550      7.3445    7.3445    0.0000
 1.3600      7.2440    7.2440    0.0000
 1.3650      7.1399    7.1399    0.0000
 1.3700      7.0323    7.0323    0.0000
 1.3750      6.9215    6.9215    0.0000
 1.3800      6.8076    6.8076    0.0000
 1.3850      6.6907    6.6907    0.0000
 1.3900      6.5710    6.5710    0.0000
 1.3950      6.4486    6.4486    0.0000
 1.4000      6.3238    6.3238    0.0000


 DIST  Cl:   FLUX      FEKM      FIKM
 1.1000    106.3657  106.3657    0.0000
 1.1050    112.6542  112.6542    0.0000
 1.1100    119.0001  119.0001    0.0000
 1.1150    125.3750  125.3750    0.0000
 1.1200    131.7573  131.7573    0.0000
 1.1250    138.1273  138.1273    0.0000
 1.1300    144.4671  144.4671    0.0000
 1.1350    150.7608  150.7608    0.0000
 1.1400    156.9943  156.9943    0.0000
 1.1450    163.1551  163.1551    0.0000
 1.1500    169.2323  169.2323    0.0000
 1.1550    175.2164  175.2164    0.0000
 1.1600    181.0991  181.0991    0.0000
 1.1650    186.8732  186.8732    0.0000
 1.1700    192.5321  192.5321    0.0000
 1.1750    198.0704  198.0704    0.0000
 1.1800    203.4830  203.4830    0.0000
 1.1850    208.7656  208.7656    0.0000
 1.1900    213.9144  213.9144    0.0000
 1.1950    218.9260  218.9260    0.0000
 1.2000    223.7974  223.7974    0.0000
 1.2050    228.5258  228.5258    0.0000
 1.2100    233.1090  233.1090    0.0000
 1.2150    237.5449  237.5449    0.0000
 1.2200    241.8316  241.8316    0.0000
 1.2250    245.9677  245.9677    0.0000
 1.2300    249.9518  249.9518    0.0000
 1.2350    253.7829  253.7829    0.0000
 1.2400    257.4600  257.4600    0.0000
 1.2450    260.9825  260.9825    0.0000
 1.2500    264.3499  264.3499    0.0000
 1.2550    267.5617  267.5617    0.0000
 1.2600    270.6181  270.6181    0.0000
 1.2650    273.5189  273.5189    0.0000
 1.2700    276.2644  276.2644    0.0000
 1.2750    278.8549  278.8549    0.0000
 1.2800    281.2910  281.2910    0.0000
 1.2850    283.5732  283.5732    0.0000
 1.2900    285.7025  285.7025    0.0000
 1.2950    287.6799  287.6799    0.0000
 1.3000    289.5063  289.5063    0.0000
 1.3050    291.1831  291.1831    0.0000
 1.3100    292.7115  292.7115    0.0000
 1.3150    294.0932  294.0932    0.0000
 1.3200    295.3295  295.3295    0.0000
 1.3250    296.4223  296.4223    0.0000
 1.3300    297.3735  297.3735    0.0000
 1.3350    298.1849  298.1849    0.0000
 1.3400    298.8585  298.8585    0.0000
 1.3450    299.3966  299.3966    0.0000
 1.3500    299.8013  299.8013    0.0000
 1.3550    300.0749  300.0749    0.0000
 1.3600    300.2198  300.2198    0.0000
 1.3650    300.2385  300.2385    0.0000
 1.3700    300.1337  300.1337    0.0000
 1.3750    299.9077  299.9077    0.0000
 1.3800    299.5633  299.5633    0.0000
 1.3850    299.1033  299.1033    0.0000
 1.3900    298.5305  298.5305    0.0000
 1.3950    297.8477  297.8477    0.0000
 1.4000    297.0579  297.0579    0.0000


 DIST  NH4:   FLUX      FEKM      FIKM      JNH3
 1.1000      1.8714    1.8714    0.0000   -0.5450
 1.1050      1.9369    1.9369    0.0000   -0.5450
 1.1100      2.0003    2.0003    0.0000   -0.5450
 1.1150      2.0617    2.0617    0.0000   -0.5450
 1.1200      2.1213    2.1213    0.0000   -0.5450
 1.1250      2.1793    2.1793    0.0000   -0.5450
 1.1300      2.2360    2.2360    0.0000   -0.5450
 1.1350      2.2915    2.2915    0.0000   -0.5450
 1.1400      2.3462    2.3462    0.0000   -0.5450
 1.1450      2.4000    2.4000    0.0000   -0.5450
 1.1500      2.4531    2.4531    0.0000   -0.5450
 1.1550      2.5056    2.5056    0.0000   -0.5450
 1.1600      2.5575    2.5575    0.0000   -0.5450
 1.1650      2.6088    2.6088    0.0000   -0.5450
 1.1700      2.6594    2.6594    0.0000   -0.5450
 1.1750      2.7095    2.7095    0.0000   -0.5450
 1.1800      2.7589    2.7589    0.0000   -0.5450
 1.1850      2.8075    2.8075    0.0000   -0.5450
 1.1900      2.8554    2.8554    0.0000   -0.5450
 1.1950      2.9025    2.9025    0.0000   -0.5450
 1.2000      2.9487    2.9487    0.0000   -0.5450
 1.2050      2.9940    2.9940    0.0000   -0.5450
 1.2100      3.0383    3.0383    0.0000   -0.5450
 1.2150      3.0816    3.0816    0.0000   -0.5450
 1.2200      3.1237    3.1237    0.0000   -0.5450
 1.2250      3.1647    3.1647    0.0000   -0.5450
 1.2300      3.2045    3.2045    0.0000   -0.5450
 1.2350      3.2431    3.2431    0.0000   -0.5450
 1.2400      3.2804    3.2804    0.0000   -0.5450
 1.2450      3.3163    3.3163    0.0000   -0.5450
 1.2500      3.3508    3.3508    0.0000   -0.5450
 1.2550      3.3839    3.3839    0.0000   -0.5450
 1.2600      3.4155    3.4155    0.0000   -0.5450
 1.2650      3.4457    3.4457    0.0000   -0.5450
 1.2700      3.4743    3.4743    0.0000   -0.5450
 1.2750      3.5013    3.5013    0.0000   -0.5450
 1.2800      3.5268    3.5268    0.0000   -0.5450
 1.2850      3.5506    3.5506    0.0000   -0.5450
 1.2900      3.5728    3.5728    0.0000   -0.5450
 1.2950      3.5934    3.5934    0.0000   -0.5450
 1.3000      3.6123    3.6123    0.0000   -0.5450
 1.3050      3.6295    3.6295    0.0000   -0.5450
 1.3100      3.6450    3.6450    0.0000   -0.5450
 1.3150      3.6588    3.6588    0.0000   -0.5450
 1.3200      3.6709    3.6709    0.0000   -0.5450
 1.3250      3.6813    3.6813    0.0000   -0.5450
 1.3300      3.6900    3.6900    0.0000   -0.5450
 1.3350      3.6969    3.6969    0.0000   -0.5450
 1.3400      3.7021    3.7021    0.0000   -0.5450
 1.3450      3.7057    3.7057    0.0000   -0.5450
 1.3500      3.7075    3.7075    0.0000   -0.5450
 1.3550      3.7076    3.7076    0.0000   -0.5450
 1.3600      3.7060    3.7060    0.0000   -0.5450
 1.3650      3.7027    3.7027    0.0000   -0.5450
 1.3700      3.6978    3.6978    0.0000   -0.5450
 1.3750      3.6912    3.6912    0.0000   -0.5450
 1.3800      3.6830    3.6830    0.0000   -0.5450
 1.3850      3.6732    3.6732    0.0000   -0.5450
 1.3900      3.6618    3.6618    0.0000   -0.5450
 1.3950      3.6488    3.6488    0.0000   -0.5450
 1.4000      3.6343    3.6343    0.0000   -0.5450


 DIST  Na:   FLUX      FEKM      FIKM
 1.1000    103.1039  103.1039    0.0000
 1.1050    109.0015  109.0015    0.0000
 1.1100    114.9888  114.9888    0.0000
 1.1150    121.0404  121.0404    0.0000
 1.1200    127.1364  127.1364    0.0000
 1.1250    133.2581  133.2581    0.0000
 1.1300    139.3876  139.3876    0.0000
 1.1350    145.5085  145.5085    0.0000
 1.1400    151.6057  151.6057    0.0000
 1.1450    157.6655  157.6655    0.0000
 1.1500    163.6756  163.6756    0.0000
 1.1550    169.6250  169.6250    0.0000
 1.1600    175.5038  175.5038    0.0000
 1.1650    181.3033  181.3033    0.0000
 1.1700    187.0157  187.0157    0.0000
 1.1750    192.6342  192.6342    0.0000
 1.1800    198.1525  198.1525    0.0000
 1.1850    203.5654  203.5654    0.0000
 1.1900    208.8679  208.8679    0.0000
 1.1950    214.0557  214.0557    0.0000
 1.2000    219.1250  219.1250    0.0000
 1.2050    224.0723  224.0723    0.0000
 1.2100    228.8946  228.8946    0.0000
 1.2150    233.5892  233.5892    0.0000
 1.2200    238.1535  238.1535    0.0000
 1.2250    242.5856  242.5856    0.0000
 1.2300    246.8835  246.8835    0.0000
 1.2350    251.0455  251.0455    0.0000
 1.2400    255.0701  255.0701    0.0000
 1.2450    258.9561  258.9561    0.0000
 1.2500    262.7026  262.7026    0.0000
 1.2550    266.3085  266.3085    0.0000
 1.2600    269.7733  269.7733    0.0000
 1.2650    273.0964  273.0964    0.0000
 1.2700    276.2773  276.2773    0.0000
 1.2750    279.3160  279.3160    0.0000
 1.2800    282.2123  282.2123    0.0000
 1.2850    284.9663  284.9663    0.0000
 1.2900    287.5783  287.5783    0.0000
 1.2950    290.0485  290.0485    0.0000
 1.3000    292.3776  292.3776    0.0000
 1.3050    294.5660  294.5660    0.0000
 1.3100    296.6145  296.6145    0.0000
 1.3150    298.5241  298.5241    0.0000
 1.3200    300.2955  300.2955    0.0000
 1.3250    301.9299  301.9299    0.0000
 1.3300    303.4286  303.4286    0.0000
 1.3350    304.7926  304.7926    0.0000
 1.3400    306.0236  306.0236    0.0000
 1.3450    307.1230  307.1230    0.0000
 1.3500    308.0922  308.0922    0.0000
 1.3550    308.9331  308.9331    0.0000
 1.3600    309.6473  309.6473    0.0000
 1.3650    310.2368  310.2368    0.0000
 1.3700    310.7035  310.7035    0.0000
 1.3750    311.0492  311.0492    0.0000
 1.3800    311.2761  311.2761    0.0000
 1.3850    311.3863  311.3863    0.0000
 1.3900    311.3820  311.3820    0.0000
 1.3950    311.2655  311.2655    0.0000
 1.4000    311.0392  311.0392    0.0000
 1.4050    310.7052  310.7052    0.0000
 1.4100    310.2661  310.2661    0.0000
 1.4150    309.7243  309.7243    0.0000
 1.4200    309.0824  309.0824    0.0000
 1.4250    308.3428  308.3428    0.0000
 1.4300    307.5083  307.5083    0.0000
 1.4350    306.5812  306.5812    0.0000
 1.4400    305.5642  305.5642    0.0000
 1.4450    304.4602  304.4602    0.0000
 1.4500    303.2716  303.2716    0.0000
 1.4550    302.0012  302.0012    0.0000
 1.4600    300.6517  300.6517    0.0000
 1.4650    299.2258  299.2258    0.0000
 1.4700    297.7261  297.7261    0.0000
 1.4750    296.1555  296.1555    0.0000
 1.4800    294.5166  294.5166    0.0000
 1.4850    292.8121  292.8121    0.0000
 1.4900    291.0448  291.0448    0.0000
 1.4950    289.2173  289.2173    0.0000
 1.5000    287.3323  287.3323    0.0000


 DIST  K:     FLUX      FEKM      FIKM
 1.1000      6.6906    6.6906    0.0000
 1.1050      6.7988    6.7988    0.0000
 1.1100      6.9106    6.9106    0.0000
 1.1150      7.0249    7.0249    0.0000
 1.1200      7.1409    7.1409    0.0000
 1.1250      7.2580    7.2580    0.0000
 1.1300      7.3754    7.3754    0.0000
 1.1350      7.4924    7.4924    0.0000
 1.1400      7.6085    7.6085    0.0000
 1.1450      7.7230    7.7230    0.0000
 1.1500      7.8354    7.8354    0.0000
 1.1550      7.9453    7.9453    0.0000
 1.1600      8.0523    8.0523    0.0000
 1.1650      8.1559    8.1559    0.0000
 1.1700      8.2559    8.2559    0.0000
 1.1750      8.3520    8.3520    0.0000
 1.1800      8.4439    8.4439    0.0000
 1.1850      8.5314    8.5314    0.0000
 1.1900      8.6142    8.6142    0.0000
 1.1950      8.6923    8.6923    0.0000
 1.2000      8.7654    8.7654    0.0000
 1.2050      8.8335    8.8335    0.0000
 1.2100      8.8963    8.8963    0.0000
 1.2150      8.9539    8.9539    0.0000
 1.2200      9.0061    9.0061    0.0000
 1.2250      9.0528    9.0528    0.0000
 1.2300      9.0940    9.0940    0.0000
 1.2350      9.1297    9.1297    0.0000
 1.2400      9.1598    9.1598    0.0000
 1.2450      9.1843    9.1843    0.0000
 1.2500      9.2032    9.2032    0.0000
 1.2550      9.2164    9.2164    0.0000
 1.2600      9.2240    9.2240    0.0000
 1.2650      9.2259    9.2259    0.0000
 1.2700      9.2223    9.2223    0.0000
 1.2750      9.2131    9.2131    0.0000
 1.2800      9.1983    9.1983    0.0000
 1.2850      9.1781    9.1781    0.0000
 1.2900      9.1524    9.1524    0.0000
 1.2950      9.1214    9.1214    0.0000
 1.3000      9.0850    9.0850    0.0000
 1.3050      9.0433    9.0433    0.0000
 1.3100      8.9965    8.9965    0.0000
 1.3150      8.9446    8.9446    0.0000
 1.3200      8.8877    8.8877    0.0000
 1.3250      8.8259    8.8259    0.0000
 1.3300      8.7592    8.7592    0.0000
 1.3350      8.6879    8.6879    0.0000
 1.3400      8.6119    8.6119    0.0000
 1.3450      8.5315    8.5315    0.0000
 1.3500      8.4467    8.4467    0.0000
 1.3550      8.3576    8.3576    0.0000
 1.3600      8.2645    8.2645    0.0000
 1.3650      8.1673    8.1673    0.0000
 1.3700      8.0662    8.0662    0.0000
 1.3750      7.9614    7.9614    0.0000
 1.3800      7.8530    7.8530    0.0000
 1.3850      7.7412    7.7412    0.0000
 1.3900      7.6260    7.6260    0.0000
 1.3950      7.5076    7.5076    0.0000
 1.4000      7.3862    7.3862    0.0000
 1.4050      7.2620    7.2620    0.0000
 1.4100      7.1349    7.1349    0.0000
 1.4150      7.0053    7.0053    0.0000
 1.4200      6.8733    6.8733    0.0000
 1.4250      6.7389    6.7389    0.0000
 1.4300      6.6024    6.6024    0.0000
 1.4350      6.4639    6.4639    0.0000
 1.4400      6.3235    6.3235    0.0000
 1.4450      6.1814    6.1814    0.0000
 1.4500      6.0378    6.0378    0.0000
 1.4550      5.8928    5.8928    0.0000
 1.4600      5.7465    5.7465    0.0000
 1.4650      5.5991    5.5991    0.0000
 1.4700      5.4506    5.4506    0.0000
 1.4750      5.3014    5.3014    0.0000
 1.4800      5.1515    5.1515    0.0000
 1.4850      5.0010    5.0010    0.0000
 1.4900      4.8500    4.8500    0.0000
 1.4950      4.6988    4.6988    0.0000
 1.5000      4.5474    4.5474    0.0000


 DIST  Cl:   FLUX      FEKM      FIKM
 1.1000    116.0301  116.0301    0.0000
 1.1050    121.9645  121.9645    0.0000
 1.1100    127.9880  127.9880    0.0000
 1.1150    134.0743  134.0743    0.0000
 1.1200    140.2032  140.2032    0.0000
 1.1250    146.3556  146.3556    0.0000
 1.1300    152.5134  152.5134    0.0000
 1.1350    158.6598  158.6598    0.0000
 1.1400    164.7795  164.7795    0.0000
 1.1450    170.8584  170.8584    0.0000
 1.1500    176.8841  176.8841    0.0000
 1.1550    182.8452  182.8452    0.0000
 1.1600    188.7316  188.7316    0.0000
 1.1650    194.5343  194.5343    0.0000
 1.1700    200.2455  200.2455    0.0000
 1.1750    205.8579  205.8579    0.0000
 1.1800    211.3653  211.3653    0.0000
 1.1850    216.7621  216.7621    0.0000
 1.1900    222.0432  222.0432    0.0000
 1.1950    227.2042  227.2042    0.0000
 1.2000    232.2411  232.2411    0.0000
 1.2050    237.1504  237.1504    0.0000
 1.2100    241.9289  241.9289    0.0000
 1.2150    246.5737  246.5737    0.0000
 1.2200    251.0823  251.0823    0.0000
 1.2250    255.4526  255.4526    0.0000
 1.2300    259.6825  259.6825    0.0000
 1.2350    263.7705  263.7705    0.0000
 1.2400    267.7148  267.7148    0.0000
 1.2450    271.5143  271.5143    0.0000
 1.2500    275.1680  275.1680    0.0000
 1.2550    278.6749  278.6749    0.0000
 1.2600    282.0344  282.0344    0.0000
 1.2650    285.2460  285.2460    0.0000
 1.2700    288.3091  288.3091    0.0000
 1.2750    291.2238  291.2238    0.0000
 1.2800    293.9901  293.9901    0.0000
 1.2850    296.6078  296.6078    0.0000
 1.2900    299.0774  299.0774    0.0000
 1.2950    301.3994  301.3994    0.0000
 1.3000    303.5742  303.5742    0.0000
 1.3050    305.6025  305.6025    0.0000
 1.3100    307.4851  307.4851    0.0000
 1.3150    309.2230  309.2230    0.0000
 1.3200    310.8173  310.8173    0.0000
 1.3250    312.2690  312.2690    0.0000
 1.3300    313.5796  313.5796    0.0000
 1.3350    314.7504  314.7504    0.0000
 1.3400    315.7830  315.7830    0.0000
 1.3450    316.6789  316.6789    0.0000
 1.3500    317.4399  317.4399    0.0000
 1.3550    318.0677  318.0677    0.0000
 1.3600    318.5643  318.5643    0.0000
 1.3650    318.9317  318.9317    0.0000
 1.3700    319.1720  319.1720    0.0000
 1.3750    319.2872  319.2872    0.0000
 1.3800    319.2796  319.2796    0.0000
 1.3850    319.1515  319.1515    0.0000
 1.3900    318.9052  318.9052    0.0000
 1.3950    318.5432  318.5432    0.0000
 1.4000    318.0681  318.0681    0.0000
 1.4050    317.4822  317.4822    0.0000
 1.4100    316.7882  316.7882    0.0000
 1.4150    315.9887  315.9887    0.0000
 1.4200    315.0864  315.0864    0.0000
 1.4250    314.0840  314.0840    0.0000
 1.4300    312.9845  312.9845    0.0000
 1.4350    311.7902  311.7902    0.0000
 1.4400    310.5042  310.5042    0.0000
 1.4450    309.1293  309.1293    0.0000
 1.4500    307.6684  307.6684    0.0000
 1.4550    306.1243  306.1243    0.0000
 1.4600    304.4999  304.4999    0.0000
 1.4650    302.7980  302.7980    0.0000
 1.4700    301.0215  301.0215    0.0000
 1.4750    299.1734  299.1734    0.0000
 1.4800    297.2565  297.2565    0.0000
 1.4850    295.2737  295.2737    0.0000
 1.4900    293.2279  293.2279    0.0000
 1.4950    291.1220  291.1220    0.0000
 1.5000    288.9586  288.9586    0.0000


 DIST  NH4:   FLUX      FEKM      FIKM      JNH3
 1.1000      1.9955    1.9955    0.0000   -0.4809
 1.1050      2.0552    2.0552    0.0000   -0.4809
 1.1100      2.1137    2.1137    0.0000   -0.4809
 1.1150      2.1709    2.1709    0.0000   -0.4809
 1.1200      2.2269    2.2269    0.0000   -0.4809
 1.1250      2.2818    2.2818    0.0000   -0.4809
 1.1300      2.3359    2.3359    0.0000   -0.4809
 1.1350      2.3893    2.3893    0.0000   -0.4809
 1.1400      2.4420    2.4420    0.0000   -0.4809
 1.1450      2.4943    2.4943    0.0000   -0.4809
 1.1500      2.5462    2.5462    0.0000   -0.4809
 1.1550      2.5976    2.5976    0.0000   -0.4809
 1.1600      2.6488    2.6488    0.0000   -0.4809
 1.1650      2.6996    2.6996    0.0000   -0.4809
 1.1700      2.7501    2.7501    0.0000   -0.4809
 1.1750      2.8002    2.8002    0.0000   -0.4809
 1.1800      2.8498    2.8498    0.0000   -0.4809
 1.1850      2.8991    2.8991    0.0000   -0.4809
 1.1900      2.9477    2.9477    0.0000   -0.4809
 1.1950      2.9958    2.9958    0.0000   -0.4809
 1.2000      3.0433    3.0433    0.0000   -0.4809
 1.2050      3.0901    3.0901    0.0000   -0.4809
 1.2100      3.1361    3.1361    0.0000   -0.4809
 1.2150      3.1813    3.1813    0.0000   -0.4809
 1.2200      3.2256    3.2256    0.0000   -0.4809
 1.2250      3.2689    3.2689    0.0000   -0.4809
 1.2300      3.3113    3.3113    0.0000   -0.4809
 1.2350      3.3526    3.3526    0.0000   -0.4809
 1.2400      3.3928    3.3928    0.0000   -0.4809
 1.2450      3.4318    3.4318    0.0000   -0.4809
 1.2500      3.4696    3.4696    0.0000   -0.4809
 1.2550      3.5062    3.5062    0.0000   -0.4809
 1.2600      3.5415    3.5415    0.0000   -0.4809
 1.2650      3.5754    3.5754    0.0000   -0.4809
 1.2700      3.6079    3.6079    0.0000   -0.4809
 1.2750      3.6391    3.6391    0.0000   -0.4809
 1.2800      3.6688    3.6688    0.0000   -0.4809
 1.2850      3.6970    3.6970    0.0000   -0.4809
 1.2900      3.7237    3.7237    0.0000   -0.4809
 1.2950      3.7489    3.7489    0.0000   -0.4809
 1.3000      3.7725    3.7725    0.0000   -0.4809
 1.3050      3.7946    3.7946    0.0000   -0.4809
 1.3100      3.8150    3.8150    0.0000   -0.4809
 1.3150      3.8338    3.8338    0.0000   -0.4809
 1.3200      3.8510    3.8510    0.0000   -0.4809
 1.3250      3.8666    3.8666    0.0000   -0.4809
 1.3300      3.8805    3.8805    0.0000   -0.4809
 1.3350      3.8927    3.8927    0.0000   -0.4809
 1.3400      3.9033    3.9033    0.0000   -0.4809
 1.3450      3.9122    3.9122    0.0000   -0.4809
 1.3500      3.9194    3.9194    0.0000   -0.4809
 1.3550      3.9250    3.9250    0.0000   -0.4809
 1.3600      3.9288    3.9288    0.0000   -0.4809
 1.3650      3.9310    3.9310    0.0000   -0.4809
 1.3700      3.9316    3.9316    0.0000   -0.4809
 1.3750      3.9305    3.9305    0.0000   -0.4809
 1.3800      3.9277    3.9277    0.0000   -0.4809
 1.3850      3.9233    3.9233    0.0000   -0.4809
 1.3900      3.9173    3.9173    0.0000   -0.4809
 1.3950      3.9097    3.9097    0.0000   -0.4809
 1.4000      3.9004    3.9004    0.0000   -0.4809
 1.4050      3.8896    3.8896    0.0000   -0.4809
 1.4100      3.8773    3.8773    0.0000   -0.4809
 1.4150      3.8634    3.8634    0.0000   -0.4809
 1.4200      3.8480    3.8480    0.0000   -0.4809
 1.4250      3.8311    3.8311    0.0000   -0.4809
 1.4300      3.8128    3.8128    0.0000   -0.4809
 1.4350      3.7930    3.7930    0.0000   -0.4809
 1.4400      3.7718    3.7718    0.0000   -0.4809
 1.4450      3.7492    3.7492    0.0000   -0.4809
 1.4500      3.7253    3.7253    0.0000   -0.4809
 1.4550      3.7000    3.7000    0.0000   -0.4809
 1.4600      3.6735    3.6735    0.0000   -0.4809
 1.4650      3.6456    3.6456    0.0000   -0.4809
 1.4700      3.6166    3.6166    0.0000   -0.4809
 1.4750      3.5863    3.5863    0.0000   -0.4809
 1.4800      3.5549    3.5549    0.0000   -0.4809
 1.4850      3.5224    3.5224    0.0000   -0.4809
 1.4900      3.4887    3.4887    0.0000   -0.4809
 1.4950      3.4541    3.4541    0.0000   -0.4809
 1.5000      3.4183    3.4183    0.0000   -0.4809


 DIST  Na:   FLUX      FEKM      FIKM
 1.1000    111.8361  111.8361    0.0000
 1.1050    117.3814  117.3814    0.0000
 1.1100    123.0389  123.0389    0.0000
 1.1150    128.7863  128.7863    0.0000
 1.1200    134.6059  134.6059    0.0000
 1.1250    140.4806  140.4806    0.0000
 1.1300    146.3932  146.3932    0.0000
 1.1350    152.3275  152.3275    0.0000
 1.1400    158.2677  158.2677    0.0000
 1.1450    164.1995  164.1995    0.0000
 1.1500    170.1094  170.1094    0.0000
 1.1550    175.9850  175.9850    0.0000
 1.1600    181.8151  181.8151    0.0000
 1.1650    187.5895  187.5895    0.0000
 1.1700    193.2991  193.2991    0.0000
 1.1750    198.9355  198.9355    0.0000
 1.1800    204.4914  204.4914    0.0000
 1.1850    209.9600  209.9600    0.0000
 1.1900    215.3354  215.3354    0.0000
 1.1950    220.6122  220.6122    0.0000
 1.2000    225.7856  225.7856    0.0000
 1.2050    230.8513  230.8513    0.0000
 1.2100    235.8053  235.8053    0.0000
 1.2150    240.6443  240.6443    0.0000
 1.2200    245.3650  245.3650    0.0000
 1.2250    249.9648  249.9648    0.0000
 1.2300    254.4411  254.4411    0.0000
 1.2350    258.7917  258.7917    0.0000
 1.2400    263.0145  263.0145    0.0000
 1.2450    267.1080  267.1080    0.0000
 1.2500    271.0705  271.0705    0.0000
 1.2550    274.9006  274.9006    0.0000
 1.2600    278.5974  278.5974    0.0000
 1.2650    282.1597  282.1597    0.0000
 1.2700    285.5868  285.5868    0.0000
 1.2750    288.8780  288.8780    0.0000
 1.2800    292.0330  292.0330    0.0000
 1.2850    295.0512  295.0512    0.0000
 1.2900    297.9325  297.9325    0.0000
 1.2950    300.6769  300.6769    0.0000
 1.3000    303.2845  303.2845    0.0000
 1.3050    305.7553  305.7553    0.0000
 1.3100    308.0897  308.0897    0.0000
 1.3150    310.2883  310.2883    0.0000
 1.3200    312.3515  312.3515    0.0000
 1.3250    314.2799  314.2799    0.0000
 1.3300    316.0746  316.0746    0.0000
 1.3350    317.7361  317.7361    0.0000
 1.3400    319.2655  319.2655    0.0000
 1.3450    320.6641  320.6641    0.0000
 1.3500    321.9328  321.9328    0.0000
 1.3550    323.0730  323.0730    0.0000
 1.3600    324.0861  324.0861    0.0000
 1.3650    324.9735  324.9735    0.0000
 1.3700    325.7369  325.7369    0.0000
 1.3750    326.3776  326.3776    0.0000
 1.3800    326.8975  326.8975    0.0000
 1.3850    327.2983  327.2983    0.0000
 1.3900    327.5819  327.5819    0.0000
 1.3950    327.7501  327.7501    0.0000
 1.4000    327.8052  327.8052    0.0000
 1.4050    327.7488  327.7488    0.0000
 1.4100    327.5831  327.5831    0.0000
 1.4150    327.3104  327.3104    0.0000
 1.4200    326.9328  326.9328    0.0000
 1.4250    326.4525  326.4525    0.0000
 1.4300    325.8720  325.8720    0.0000
 1.4350    325.1932  325.1932    0.0000
 1.4400    324.4188  324.4188    0.0000
 1.4450    323.5512  323.5512    0.0000
 1.4500    322.5927  322.5927    0.0000
 1.4550    321.5457  321.5457    0.0000
 1.4600    320.4130  320.4130    0.0000
 1.4650    319.1967  319.1967    0.0000
 1.4700    317.8995  317.8995    0.0000
 1.4750    316.5239  316.5239    0.0000
 1.4800    315.0725  315.0725    0.0000
 1.4850    313.5478  313.5478    0.0000
 1.4900    311.9523  311.9523    0.0000
 1.4950    310.2889  310.2889    0.0000
 1.5000    308.5596  308.5596    0.0000
 1.5050    306.7673  306.7673    0.0000
 1.5100    304.9145  304.9145    0.0000
 1.5150    303.0037  303.0037    0.0000
 1.5200    301.0375  301.0375    0.0000
 1.5250    299.0184  299.0184    0.0000
 1.5300    296.9488  296.9488    0.0000
 1.5350    294.8311  294.8311    0.0000
 1.5400    292.6680  292.6680    0.0000
 1.5450    290.4617  290.4617    0.0000
 1.5500    288.2148  288.2148    0.0000
 1.5550    285.9296  285.9296    0.0000
 1.5600    283.6083  283.6083    0.0000
 1.5650    281.2533  281.2533    0.0000
 1.5700    278.8669  278.8669    0.0000
 1.5750    276.4514  276.4514    0.0000
 1.5800    274.0089  274.0089    0.0000
 1.5850    271.5417  271.5417    0.0000
 1.5900    269.0517  269.0517    0.0000
 1.5950    266.5411  266.5411    0.0000
 1.6000    264.0119  264.0119    0.0000


 DIST  K:     FLUX      FEKM      FIKM
 1.1000      7.3638    7.3638    0.0000
 1.1050      7.4616    7.4616    0.0000
 1.1100      7.5636    7.5636    0.0000
 1.1150      7.6689    7.6689    0.0000
 1.1200      7.7769    7.7769    0.0000
 1.1250      7.8869    7.8869    0.0000
 1.1300      7.9984    7.9984    0.0000
 1.1350      8.1106    8.1106    0.0000
 1.1400      8.2230    8.2230    0.0000
 1.1450      8.3349    8.3349    0.0000
 1.1500      8.4459    8.4459    0.0000
 1.1550      8.5553    8.5553    0.0000
 1.1600      8.6628    8.6628    0.0000
 1.1650      8.7679    8.7679    0.0000
 1.1700      8.8701    8.8701    0.0000
 1.1750      8.9693    8.9693    0.0000
 1.1800      9.0649    9.0649    0.0000
 1.1850      9.1569    9.1569    0.0000
 1.1900      9.2448    9.2448    0.0000
 1.1950      9.3285    9.3285    0.0000
 1.2000      9.4078    9.4078    0.0000
 1.2050      9.4825    9.4825    0.0000
 1.2100      9.5525    9.5525    0.0000
 1.2150      9.6175    9.6175    0.0000
 1.2200      9.6775    9.6775    0.0000
 1.2250      9.7325    9.7325    0.0000
 1.2300      9.7822    9.7822    0.0000
 1.2350      9.8266    9.8266    0.0000
 1.2400      9.8656    9.8656    0.0000
 1.2450      9.8993    9.8993    0.0000
 1.2500      9.9275    9.9275    0.0000
 1.2550      9.9502    9.9502    0.0000
 1.2600      9.9675    9.9675    0.0000
 1.2650      9.9792    9.9792    0.0000
 1.2700      9.9854    9.9854    0.0000
 1.2750      9.9861    9.9861    0.0000
 1.2800      9.9813    9.9813    0.0000
 1.2850      9.9710    9.9710    0.0000
 1.2900      9.9552    9.9552    0.0000
 1.2950      9.9340    9.9340    0.0000
 1.3000      9.9075    9.9075    0.0000
 1.3050      9.8756    9.8756    0.0000
 1.3100      9.8384    9.8384    0.0000
 1.3150      9.7960    9.7960    0.0000
 1.3200      9.7485    9.7485    0.0000
 1.3250      9.6959    9.6959    0.0000
 1.3300      9.6383    9.6383    0.0000
 1.3350      9.5758    9.5758    0.0000
 1.3400      9.5084    9.5084    0.0000
 1.3450      9.4364    9.4364    0.0000
 1.3500      9.3596    9.3596    0.0000
 1.3550      9.2784    9.2784    0.0000
 1.3600      9.1927    9.1927    0.0000
 1.3650      9.1027    9.1027    0.0000
 1.3700      9.0086    9.0086    0.0000
 1.3750      8.9103    8.9103    0.0000
 1.3800      8.8080    8.8080    0.0000
 1.3850      8.7020    8.7020    0.0000
 1.3900      8.5922    8.5922    0.0000
 1.3950      8.4788    8.4788    0.0000
 1.4000      8.3620    8.3620    0.0000
 1.4050      8.2418    8.2418    0.0000
 1.4100      8.1185    8.1185    0.0000
 1.4150      7.9921    7.9921    0.0000
 1.4200      7.8629    7.8629    0.0000
 1.4250      7.7308    7.7308    0.0000
 1.4300      7.5961    7.5961    0.0000
 1.4350      7.4590    7.4590    0.0000
 1.4400      7.3195    7.3195    0.0000
 1.4450      7.1778    7.1778    0.0000
 1.4500      7.0340    7.0340    0.0000
 1.4550      6.8883    6.8883    0.0000
 1.4600      6.7409    6.7409    0.0000
 1.4650      6.5918    6.5918    0.0000
 1.4700      6.4412    6.4412    0.0000
 1.4750      6.2893    6.2893    0.0000
 1.4800      6.1361    6.1361    0.0000
 1.4850      5.9819    5.9819    0.0000
 1.4900      5.8268    5.8268    0.0000
 1.4950      5.6709    5.6709    0.0000
 1.5000      5.5143    5.5143    0.0000
 1.5050      5.3571    5.3571    0.0000
 1.5100      5.1996    5.1996    0.0000
 1.5150      5.0418    5.0418    0.0000
 1.5200      4.8838    4.8838    0.0000
 1.5250      4.7258    4.7258    0.0000
 1.5300      4.5680    4.5680    0.0000
 1.5350      4.4103    4.4103    0.0000
 1.5400      4.2530    4.2530    0.0000
 1.5450      4.0961    4.0961    0.0000
 1.5500      3.9397    3.9397    0.0000
 1.5550      3.7841    3.7841    0.0000
 1.5600      3.6292    3.6292    0.0000
 1.5650      3.4751    3.4751    0.0000
 1.5700      3.3221    3.3221    0.0000
 1.5750      3.1701    3.1701    0.0000
 1.5800      3.0193    3.0193    0.0000
 1.5850      2.8697    2.8697    0.0000
 1.5900      2.7214    2.7214    0.0000
 1.5950      2.5746    2.5746    0.0000
 1.6000      2.4293    2.4293    0.0000


 DIST  Cl:   FLUX      FEKM      FIKM
 1.1000    125.5122  125.5122    0.0000
 1.1050    131.0877  131.0877    0.0000
 1.1100    136.7756  136.7756    0.0000
 1.1150    142.5529  142.5529    0.0000
 1.1200    148.4016  148.4016    0.0000
 1.1250    154.3043  154.3043    0.0000
 1.1300    160.2435  160.2435    0.0000
 1.1350    166.2026  166.2026    0.0000
 1.1400    172.1657  172.1657    0.0000
 1.1450    178.1179  178.1179    0.0000
 1.1500    184.0456  184.0456    0.0000
 1.1550    189.9361  189.9361    0.0000
 1.1600    195.7778  195.7778    0.0000
 1.1650    201.5604  201.5604    0.0000
 1.1700    207.2744  207.2744    0.0000
 1.1750    212.9113  212.9113    0.0000
 1.1800    218.4633  218.4633    0.0000
 1.1850    223.9236  223.9236    0.0000
 1.1900    229.2860  229.2860    0.0000
 1.1950    234.5449  234.5449    0.0000
 1.2000    239.6954  239.6954    0.0000
 1.2050    244.7329  244.7329    0.0000
 1.2100    249.6535  249.6535    0.0000
 1.2150    254.4535  254.4535    0.0000
 1.2200    259.1297  259.1297    0.0000
 1.2250    263.6792  263.6792    0.0000
 1.2300    268.0994  268.0994    0.0000
 1.2350    272.3881  272.3881    0.0000
 1.2400    276.5430  276.5430    0.0000
 1.2450    280.5625  280.5625    0.0000
 1.2500    284.4451  284.4451    0.0000
 1.2550    288.1892  288.1892    0.0000
 1.2600    291.7937  291.7937    0.0000
 1.2650    295.2578  295.2578    0.0000
 1.2700    298.5804  298.5804    0.0000
 1.2750    301.7610  301.7610    0.0000
 1.2800    304.7993  304.7993    0.0000
 1.2850    307.6946  307.6946    0.0000
 1.2900    310.4470  310.4470    0.0000
 1.2950    313.0564  313.0564    0.0000
 1.3000    315.5230  315.5230    0.0000
 1.3050    317.8468  317.8468    0.0000
 1.3100    320.0284  320.0284    0.0000
 1.3150    322.0683  322.0683    0.0000
 1.3200    323.9670  323.9670    0.0000
 1.3250    325.7253  325.7253    0.0000
 1.3300    327.3442  327.3442    0.0000
 1.3350    328.8245  328.8245    0.0000
 1.3400    330.1673  330.1673    0.0000
 1.3450    331.3739  331.3739    0.0000
 1.3500    332.4455  332.4455    0.0000
 1.3550    333.3835  333.3835    0.0000
 1.3600    334.1894  334.1894    0.0000
 1.3650    334.8647  334.8647    0.0000
 1.3700    335.4114  335.4114    0.0000
 1.3750    335.8308  335.8308    0.0000
 1.3800    336.1250  336.1250    0.0000
 1.3850    336.2958  336.2958    0.0000
 1.3900    336.3452  336.3452    0.0000
 1.3950    336.2754  336.2754    0.0000
 1.4000    336.0884  336.0884    0.0000
 1.4050    335.7863  335.7863    0.0000
 1.4100    335.3715  335.3715    0.0000
 1.4150    334.8462  334.8462    0.0000
 1.4200    334.2128  334.2128    0.0000
 1.4250    333.4737  333.4737    0.0000
 1.4300    332.6315  332.6315    0.0000
 1.4350    331.6884  331.6884    0.0000
 1.4400    330.6471  330.6471    0.0000
 1.4450    329.5102  329.5102    0.0000
 1.4500    328.2802  328.2802    0.0000
 1.4550    326.9598  326.9598    0.0000
 1.4600    325.5517  325.5517    0.0000
 1.4650    324.0584  324.0584    0.0000
 1.4700    322.4826  322.4826    0.0000
 1.4750    320.8272  320.8272    0.0000
 1.4800    319.0947  319.0947    0.0000
 1.4850    317.2880  317.2880    0.0000
 1.4900    315.4097  315.4097    0.0000
 1.4950    313.4626  313.4626    0.0000
 1.5000    311.4493  311.4493    0.0000
 1.5050    309.3726  309.3726    0.0000
 1.5100    307.2353  307.2353    0.0000
 1.5150    305.0399  305.0399    0.0000
 1.5200    302.7892  302.7892    0.0000
 1.5250    300.4860  300.4860    0.0000
 1.5300    298.1326  298.1326    0.0000
 1.5350    295.7319  295.7319    0.0000
 1.5400    293.2864  293.2864    0.0000
 1.5450    290.7986  290.7986    0.0000
 1.5500    288.2712  288.2712    0.0000
 1.5550    285.7068  285.7068    0.0000
 1.5600    283.1075  283.1075    0.0000
 1.5650    280.4760  280.4760    0.0000
 1.5700    277.8146  277.8146    0.0000
 1.5750    275.1257  275.1257    0.0000
 1.5800    272.4117  272.4117    0.0000
 1.5850    269.6750  269.6750    0.0000
 1.5900    266.9174  266.9174    0.0000
 1.5950    264.1414  264.1414    0.0000
 1.6000    261.3491  261.3491    0.0000


 DIST  NH4:   FLUX      FEKM      FIKM      JNH3
 1.1000      2.1221    2.1221    0.0000   -0.4195
 1.1050      2.1758    2.1758    0.0000   -0.4195
 1.1100      2.2289    2.2289    0.0000   -0.4195
 1.1150      2.2813    2.2813    0.0000   -0.4195
 1.1200      2.3331    2.3331    0.0000   -0.4195
 1.1250      2.3843    2.3843    0.0000   -0.4195
 1.1300      2.4351    2.4351    0.0000   -0.4195
 1.1350      2.4855    2.4855    0.0000   -0.4195
 1.1400      2.5356    2.5356    0.0000   -0.4195
 1.1450      2.5856    2.5856    0.0000   -0.4195
 1.1500      2.6355    2.6355    0.0000   -0.4195
 1.1550      2.6853    2.6853    0.0000   -0.4195
 1.1600      2.7351    2.7351    0.0000   -0.4195
 1.1650      2.7847    2.7847    0.0000   -0.4195
 1.1700      2.8343    2.8343    0.0000   -0.4195
 1.1750      2.8838    2.8838    0.0000   -0.4195
 1.1800      2.9331    2.9331    0.0000   -0.4195
 1.1850      2.9821    2.9821    0.0000   -0.4195
 1.1900      3.0309    3.0309    0.0000   -0.4195
 1.1950      3.0793    3.0793    0.0000   -0.4195
 1.2000      3.1273    3.1273    0.0000   -0.4195
 1.2050      3.1748    3.1748    0.0000   -0.4195
 1.2100      3.2218    3.2218    0.0000   -0.4195
 1.2150      3.2682    3.2682    0.0000   -0.4195
 1.2200      3.3138    3.3138    0.0000   -0.4195
 1.2250      3.3587    3.3587    0.0000   -0.4195
 1.2300      3.4028    3.4028    0.0000   -0.4195
 1.2350      3.4460    3.4460    0.0000   -0.4195
 1.2400      3.4883    3.4883    0.0000   -0.4195
 1.2450      3.5296    3.5296    0.0000   -0.4195
 1.2500      3.5699    3.5699    0.0000   -0.4195
 1.2550      3.6090    3.6090    0.0000   -0.4195
 1.2600      3.6471    3.6471    0.0000   -0.4195
 1.2650      3.6839    3.6839    0.0000   -0.4195
 1.2700      3.7195    3.7195    0.0000   -0.4195
 1.2750      3.7538    3.7538    0.0000   -0.4195
 1.2800      3.7868    3.7868    0.0000   -0.4195
 1.2850      3.8185    3.8185    0.0000   -0.4195
 1.2900      3.8487    3.8487    0.0000   -0.4195
 1.2950      3.8776    3.8776    0.0000   -0.4195
 1.3000      3.9050    3.9050    0.0000   -0.4195
 1.3050      3.9309    3.9309    0.0000   -0.4195
 1.3100      3.9554    3.9554    0.0000   -0.4195
 1.3150      3.9783    3.9783    0.0000   -0.4195
 1.3200      3.9997    3.9997    0.0000   -0.4195
 1.3250      4.0195    4.0195    0.0000   -0.4195
 1.3300      4.0377    4.0377    0.0000   -0.4195
 1.3350      4.0543    4.0543    0.0000   -0.4195
 1.3400      4.0694    4.0694    0.0000   -0.4195
 1.3450      4.0828    4.0828    0.0000   -0.4195
 1.3500      4.0945    4.0945    0.0000   -0.4195
 1.3550      4.1047    4.1047    0.0000   -0.4195
 1.3600      4.1132    4.1132    0.0000   -0.4195
 1.3650      4.1201    4.1201    0.0000   -0.4195
 1.3700      4.1253    4.1253    0.0000   -0.4195
 1.3750      4.1289    4.1289    0.0000   -0.4195
 1.3800      4.1309    4.1309    0.0000   -0.4195
 1.3850      4.1312    4.1312    0.0000   -0.4195
 1.3900      4.1299    4.1299    0.0000   -0.4195
 1.3950      4.1270    4.1270    0.0000   -0.4195
 1.4000      4.1224    4.1224    0.0000   -0.4195
 1.4050      4.1163    4.1163    0.0000   -0.4195
 1.4100      4.1086    4.1086    0.0000   -0.4195
 1.4150      4.0993    4.0993    0.0000   -0.4195
 1.4200      4.0885    4.0885    0.0000   -0.4195
 1.4250      4.0762    4.0762    0.0000   -0.4195
 1.4300      4.0623    4.0623    0.0000   -0.4195
 1.4350      4.0469    4.0469    0.0000   -0.4195
 1.4400      4.0301    4.0301    0.0000   -0.4195
 1.4450      4.0117    4.0117    0.0000   -0.4195
 1.4500      3.9920    3.9920    0.0000   -0.4195
 1.4550      3.9709    3.9709    0.0000   -0.4195
 1.4600      3.9483    3.9483    0.0000   -0.4195
 1.4650      3.9245    3.9245    0.0000   -0.4195
 1.4700      3.8993    3.8993    0.0000   -0.4195
 1.4750      3.8728    3.8728    0.0000   -0.4195
 1.4800      3.8450    3.8450    0.0000   -0.4195
 1.4850      3.8160    3.8160    0.0000   -0.4195
 1.4900      3.7858    3.7858    0.0000   -0.4195
 1.4950      3.7544    3.7544    0.0000   -0.4195
 1.5000      3.7219    3.7219    0.0000   -0.4195
 1.5050      3.6883    3.6883    0.0000   -0.4195
 1.5100      3.6536    3.6536    0.0000   -0.4195
 1.5150      3.6178    3.6178    0.0000   -0.4195
 1.5200      3.5811    3.5811    0.0000   -0.4195
 1.5250      3.5433    3.5433    0.0000   -0.4195
 1.5300      3.5047    3.5047    0.0000   -0.4195
 1.5350      3.4651    3.4651    0.0000   -0.4195
 1.5400      3.4246    3.4246    0.0000   -0.4195
 1.5450      3.3833    3.3833    0.0000   -0.4195
 1.5500      3.3413    3.3413    0.0000   -0.4195
 1.5550      3.2984    3.2984    0.0000   -0.4195
 1.5600      3.2548    3.2548    0.0000   -0.4195
 1.5650      3.2105    3.2105    0.0000   -0.4195
 1.5700      3.1656    3.1656    0.0000   -0.4195
 1.5750      3.1200    3.1200    0.0000   -0.4195
 1.5800      3.0739    3.0739    0.0000   -0.4195
 1.5850      3.0272    3.0272    0.0000   -0.4195
 1.5900      2.9799    2.9799    0.0000   -0.4195
 1.5950      2.9322    2.9322    0.0000   -0.4195
 1.6000      2.8840    2.8840    0.0000   -0.4195
