   -0.85709313335342717649D-02
   -0.23117362239864380768D+02
    0.14034713826127373504D+00
    0.46581000336704623394D-02
    0.11201137806403495267D+00
    0.25579467370759157580D-01
    0.43752911264705257946D-02
    0.14987526341149355873D-02
    0.29758359980530100543D-02
    0.86441980610193276842D-03
    0.49050641205327389499D-02
    0.26903189590292762683D-02
    0.17495200181123096261D-03
    0.77329909765551179367D-03
    0.20486275991437152832D-01
    0.77832009514121665988D-02
   -0.55623119988126866531D+02
    0.68818276635666933427D-01
    0.19607715956206740043D-01
    0.13804422172722274897D+00
    0.16334610234304273307D-01
    0.25053772872239688657D-01
    0.43749819945319064901D-02
    0.14988522402667701916D-02
    0.84789325585018383152D-02
    0.25144590804036135931D-02
    0.49548609517438366862D-02
    0.34749559015125760196D-02
    0.23070240234469106670D-03
    0.52458676702743143282D-03
    0.91605271270648568060D-02
    0.15071910828584104969D-01
    0.27679116379706783513D-01
    0.41139160255960142976D-01
   -0.15874832506504399365D+00
