    -.95242027410485843000D-02
    -.23333927866138147000D+02
     .14045263974828792000D+00
     .46719887896999176000D-02
     .11197485214282895000D+00
     .25688048807872999000D-01
     .43763261542077831000D+01
     .14987252013305715000D-02
     .29869347004848334000D-02
     .86418067286372706000D-03
     .49081932806973854000D-02
     .27086710689483242000D+01
     .17544238307813109000D+00
     .45854148191979255000D+02
     .79916575067879734000D-03
     .21087033307066110000D+00
     .45373164845825845000D-02
    -.57475979751785629000D+02
     .69778208152106890000D-01
     .18039944490327270000D-01
     .14064889764277524000D+00
     .15072618932394615000D-01
     .25285100830602393000D-01
     .43743919470598067000D+01
     .14988097511159819000D-02
     .87786953375727696000D-02
     .25791894177853848000D-02
     .49563314875397564000D-02
     .33999107261780987000D+01
     .22362492218925639000D+00
     .46564299111211312000D+02
     .41819698217989776000D-03
     .11205570060656951000D+00
     .10773094065344279000D-01
    -.55867230313768570000D-01
     .12000000000000000000D+02
     .14000000000000001000D+00
     .48999999999999998000D-02
     .11322498999999999000D+00
     .24000000000000000000D-01
     .44119999999999981000D+01
     .15000000000000000000D-02
     .29721589999999998000D-02
     .92784099999999999000D-03
     .50000000000000001000D-02
     .28210000000000001000D+01
     .19717899999999999000D+00
     .49479389084537601000D+02
     .10000289999999999000D-02
     .28500000000000003000D+00
     .20000000000000000000D-02
     .50000000000000000000D+00
     .00000000000000000000D+00
