   -0.38322338740272667013D-01
    0.20497149435033847453D+02
    0.15129440151238515710D+00
    0.90907761866970259595D-02
    0.13732995975846298831D+00
    0.20705135705208942837D-01
    0.45185302992559117641D+01
    0.15429826441998330516D-02
    0.12736806198659393011D-02
    0.47204121084645263165D-03
    0.81767942643003466152D-02
    0.15418952049331998921D+02
    0.12793037138524998575D+01
    0.58738003969791037662D+02
    0.61004223668837385432D-03
    0.20619545083011006636D+00
    0.30049916400395281467D-02
   -0.49652612273752872341D+02
    0.77183942457859908148D-01
    0.19133763848590942119D-01
    0.15014965409257544082D+00
    0.24815618047777869559D-01
    0.21651024813319853790D-01
    0.44901739005633203305D+01
    0.15364398184359152975D-02
    0.74784273989394346033D-02
    0.26338755013609748031D-02
    0.80929936926589559482D-02
    0.10753972501999715661D+02
    0.84791693711139604073D+00
    0.55819349388322542893D+02
    0.97709215560260929100D-03
    0.31384866618832413243D+00
    0.72776178137714687272D-02
    0.24025903441491167634D+01
    0.12186345051033448783D+02
    0.14235113832617307672D+00
    0.62980569681835426796D-02
    0.14053979551376388768D+00
    0.61033194605661766213D-02
    0.44189273624407174879D+01
    0.15095080286482089223D-02
    0.70027354478396182033D-03
    0.86103090034628747534D-03
    0.80137544544124257595D-02
    0.39673799330026793264D+01
    0.10920794576017542887D+01
    0.19487262131976027035D+03
    0.83677832077699615572D-03
    0.93834217681893838936D+00
    0.34324212086154687329D-01
    0.28693506811378688415D+00
    0.00000000000000000000D+00
