   -0.13130938315489945611D+00
   -0.81655732063873429638D+01
    0.14030648072924659098D+00
    0.65302653228650111433D-02
    0.11875149055512887464D+00
    0.25064467343105526626D-01
    0.70836926424303801042D+01
    0.14988007009005262053D-02
    0.17148598769745179628D-02
    0.82305691614206245594D-03
    0.11576429575081039272D-01
    0.11465120254058888349D+02
    0.12319124483484713561D+01
    0.76067865422509612472D+02
   -0.58889206884446224421D+02
    0.52993228005758186150D+00
    0.95692634154858294965D-02
    0.15188962921297813335D+00
    0.19603606317186678815D-01
    0.24418979003838357095D-01
    0.42122230466409238403D+01
    0.14991437499458836954D-02
    0.30857602944056289340D-01
    0.90395340512204654798D-02
    0.21865051524564350222D-01
    0.12887198447973853277D+02
    0.84516669503589081369D+00
    0.46428415087113279469D+02
   -0.43456488233459481307D+02
    0.23077026762054531073D+00
    0.17994006629325466629D-01
    0.11379806891681440439D+00
    0.25177701568133863119D-01
    0.16418624379620255088D-01
    0.43575628053495369940D+01
    0.14924511897816009152D-02
    0.18077920315953566188D-01
    0.81480813392684446617D-02
    0.27523793596780175147D-01
    0.12526223094235980682D+02
    0.12639416648822228151D+01
    0.71434315565765956535D+02
   -0.26720850675030789034D+02
    0.72137133901035541683D+01
    0.15528691024363421719D-01
    0.80632984395419965429D-01
    0.79705476315859363767D-01
    0.65788739354375362980D-02
    0.10690025453219510254D+02
    0.15005087933208022862D-02
    0.37535032989733114334D-02
    0.10357721612040663231D-01
    0.97889679258657755212D-01
    0.12929595873576873899D+02
    0.79875172829150207221D+01
    0.43734803014265946786D+03
    0.96879543772454917416D+03
    0.00000000000000000000D+00
