     .20430348276549217000D+00
     .25152747411699931000D+01
     .14646204527663386000D+00
     .15163029316597595000D-01
     .13184306877368054000D+00
     .25489744445616878000D-01
     .44013888226164636000D+01
     .14995691117805313000D-02
     .20196713668487924000D-02
     .59225020650758208000D-03
     .49807091656821744000D-02
     .51682181350037215000D+01
     .33928509074427154000D+00
     .46475526845454218000D+02
    -.59885613745820236000D+02
     .65230731480757642000D-01
     .95843515311379735000D-02
     .15266170869098527000D+00
     .47400143433387824000D-01
     .25440952443254793000D-01
     .43810786385425410000D+01
     .14992800375847881000D-02
     .11263366794635534000D-01
     .32939436645416475000D-02
     .49862208326301241000D-02
     .77145099153119911000D+01
     .50507481027094791000D+00
     .46349787702517524000D+02
     .18052787272516781000D+02
