1
              FIVMA       FIVSA       FEVM        FEVS        FLUXV
           0.2285D-04  0.2285D-04  0.2554D-04  0.4847D-04  0.4839D-04


              FIKMA       FIKSA       FEKM        FEKS        FLUXS
      NA   0.6875D-05  0.6875D-05  0.5369D-06  0.7205D-05  0.7412D-05
      K   -0.3243D-06 -0.3243D-06  0.1248D-06 -0.1877D-06 -0.1994D-06
      CL   0.1102D-05  0.1102D-05  0.2640D-05  0.3731D-05  0.3742D-05
     HCO3 -0.4975D-06  0.3169D-05 -0.7083D-07  0.3198D-05 -0.5683D-06
    H2CO3  0.1147D-08 -0.9948D-10  0.1420D-10  0.1757D-09  0.1161D-08
     CO2   0.3858D-05  0.1922D-06  0.3929D-08  0.7143D-07  0.3862D-05
     HPO4 -0.1246D-07  0.3045D-07  0.5739D-08  0.1133D-06 -0.6723D-08
    H2PO4  0.1135D-06  0.7058D-07  0.3372D-08 -0.5897D-08  0.1169D-06
     UREA  0.8241D-08  0.8241D-08  0.4708D-07  0.5541D-07  0.5532D-07
     NH3  -0.2188D-07  0.3423D-07  0.1373D-09 -0.5529D-09 -0.2174D-07
     NH4  -0.1799D-06 -0.1493D-06  0.1428D-07 -0.9676D-07 -0.1657D-06
      H   -0.4350D-05 -0.3621D-07  0.2132D-10 -0.2275D-08 -0.4350D-05
     HCO2 -0.6284D-06  0.6240D-08  0.4902D-07 -0.1875D-06 -0.5794D-06
    H2CO2  0.3793D-06 -0.2554D-06  0.2399D-10 -0.1323D-09  0.3793D-06
     GLUC  0.2553D-05  0.2553D-05 -0.5542D-07  0.2397D-05  0.2498D-05

              CIKMA       CIKSA       JNHE        JNAGLU      JNAPI       JCLF        JCLB        JKCL        JNAB        JNACLB
      NA   0.6010D-05  0.6489D-06  0.4209D-05  0.1724D-05  0.7665D-07                                      0.8427D-06 -0.1938D-06
      K    0.0000D+00  0.5503D-06                                                              0.5503D-06                        
      CL   0.7441D-06  0.7441D-06                                      0.4245D-06  0.3196D-06  0.5503D-06              0.1938D-06
     HCO3 -0.3196D-06  0.2141D-05                                                 -0.3196D-06              0.2528D-05 -0.3876D-06
    H2CO3  0.0000D+00  0.0000D+00                                                                                                
     CO2   0.0000D+00  0.0000D+00                                                                                                
     HPO4  0.0000D+00  0.0000D+00                          0.7665D-07                                                            
    H2PO4  0.7665D-07  0.0000D+00                                                                                                
     UREA  0.0000D+00  0.0000D+00                                                                                                
     NH3   0.0000D+00  0.0000D+00                                                                                                
     NH4  -0.1839D-06  0.0000D+00 -0.1839D-06                                                                                    
      H   -0.4025D-05  0.0000D+00 -0.4025D-05                                                                                    
     HCO2 -0.4245D-06  0.0000D+00                                     -0.4245D-06                                                
    H2CO2  0.0000D+00  0.0000D+00                                                                                                
     GLUC  0.1724D-05  0.0000D+00              0.1724D-05                                                                        

              PIKMA       PIKSA
      NA   0.0000D+00  0.5976D-05
      K    0.0000D+00 -0.3846D-05
      CL   0.0000D+00  0.0000D+00
     HCO3  0.0000D+00  0.0000D+00
    H2CO3  0.0000D+00  0.0000D+00
     CO2   0.0000D+00  0.0000D+00
     HPO4  0.0000D+00  0.0000D+00
    H2PO4  0.0000D+00  0.0000D+00
     UREA  0.0000D+00  0.0000D+00
     NH3   0.0000D+00  0.0000D+00
     NH4   0.0000D+00 -0.1397D-06
      H   -0.3634D-06  0.0000D+00
     HCO2  0.0000D+00  0.0000D+00
    H2CO2  0.0000D+00  0.0000D+00
     GLUC  0.0000D+00  0.0000D+00

              GIKMA       GIKSA
      NA   0.8654D-06  0.2504D-06
      K   -0.3243D-06  0.2972D-05
      CL   0.3575D-06  0.3575D-06
     HCO3 -0.1778D-06  0.1029D-05
    H2CO3  0.1147D-08 -0.9948D-10
     CO2   0.3858D-05  0.1922D-06
     HPO4 -0.1246D-07  0.3045D-07
    H2PO4  0.3683D-07  0.7058D-07
     UREA  0.8241D-08  0.8241D-08
     NH3  -0.2188D-07  0.3423D-07
     NH4   0.3931D-08 -0.9615D-08
      H    0.3845D-07 -0.3621D-07
     HCO2 -0.2040D-06  0.6240D-08
    H2CO2  0.3793D-06 -0.2554D-06
     GLUC  0.8286D-06  0.2553D-05
1
              FIVMA       FIVSA       FEVM        FEVS        FLUXV
           0.1076D+04  0.1076D+04  0.1203D+04  0.2283D+04  0.2279D+04


              FIKMA       FIKSA       FEKM        FEKS        FLUXS
      NA   0.3238D+03  0.3238D+03  0.2529D+02  0.3394D+03  0.3491D+03
      K   -0.1527D+02 -0.1527D+02  0.5880D+01 -0.8840D+01 -0.9393D+01
      CL   0.5189D+02  0.5189D+02  0.1243D+03  0.1757D+03  0.1762D+03
     HCO3 -0.2343D+02  0.1493D+03 -0.3336D+01  0.1506D+03 -0.2677D+02
    H2CO3  0.5402D-01 -0.4685D-02  0.6689D-03  0.8276D-02  0.5469D-01
     CO2   0.1817D+03  0.9054D+01  0.1851D+00  0.3364D+01  0.1819D+03
     HPO4 -0.5870D+00  0.1434D+01  0.2703D+00  0.5337D+01 -0.3167D+00
    H2PO4  0.5345D+01  0.3324D+01  0.1588D+00 -0.2778D+00  0.5504D+01
     UREA  0.3881D+00  0.3881D+00  0.2217D+01  0.2610D+01  0.2606D+01
     NH3  -0.1030D+01  0.1612D+01  0.6468D-02 -0.2604D-01 -0.1024D+01
     NH4  -0.8475D+01 -0.7033D+01  0.6726D+00 -0.4557D+01 -0.7802D+01
      H   -0.2049D+03 -0.1705D+01  0.1004D-02 -0.1071D+00 -0.2049D+03
     HCO2 -0.2960D+02  0.2939D+00  0.2309D+01 -0.8829D+01 -0.2729D+02
    H2CO2  0.1786D+02 -0.1203D+02  0.1130D-02 -0.6231D-02  0.1786D+02
     GLUC  0.1202D+03  0.1202D+03 -0.2610D+01  0.1129D+03  0.1176D+03

              CIKMA       CIKSA       JNHE        JNAGLU      JNAPI       JCLF        JCLB        JKCL        JNAB        JNACLB
      NA   0.2831D+03  0.3057D+02  0.1982D+03  0.8122D+02  0.3610D+01                                      0.3969D+02 -0.9128D+01
      K    0.0000D+00  0.2592D+02                                                              0.2592D+02                        
      CL   0.3505D+02  0.3505D+02                                      0.1999D+02  0.1505D+02  0.2592D+02              0.9128D+01
     HCO3 -0.1505D+02  0.1008D+03                                                 -0.1505D+02              0.1191D+03 -0.1826D+02
    H2CO3  0.0000D+00  0.0000D+00                                                                                                
     CO2   0.0000D+00  0.0000D+00                                                                                                
     HPO4  0.0000D+00  0.0000D+00                          0.3610D+01                                                            
    H2PO4  0.3610D+01  0.0000D+00                                                                                                
     UREA  0.0000D+00  0.0000D+00                                                                                                
     NH3   0.0000D+00  0.0000D+00                                                                                                
     NH4  -0.8660D+01  0.0000D+00 -0.8660D+01                                                                                    
      H   -0.1896D+03  0.0000D+00 -0.1896D+03                                                                                    
     HCO2 -0.1999D+02  0.0000D+00                                     -0.1999D+02                                                
    H2CO2  0.0000D+00  0.0000D+00                                                                                                
     GLUC  0.8122D+02  0.0000D+00              0.8122D+02                                                                        

              PIKMA       PIKSA
      NA   0.0000D+00  0.2815D+03
      K    0.0000D+00 -0.1812D+03
      CL   0.0000D+00  0.0000D+00
     HCO3  0.0000D+00  0.0000D+00
    H2CO3  0.0000D+00  0.0000D+00
     CO2   0.0000D+00  0.0000D+00
     HPO4  0.0000D+00  0.0000D+00
    H2PO4  0.0000D+00  0.0000D+00
     UREA  0.0000D+00  0.0000D+00
     NH3   0.0000D+00  0.0000D+00
     NH4   0.0000D+00 -0.6580D+01
      H   -0.1712D+02  0.0000D+00
     HCO2  0.0000D+00  0.0000D+00
    H2CO2  0.0000D+00  0.0000D+00
     GLUC  0.0000D+00  0.0000D+00

              GIKMA       GIKSA
      NA   0.4076D+02  0.1179D+02
      K   -0.1527D+02  0.1400D+03
      CL   0.1684D+02  0.1684D+02
     HCO3 -0.8376D+01  0.4845D+02
    H2CO3  0.5402D-01 -0.4685D-02
     CO2   0.1817D+03  0.9054D+01
     HPO4 -0.5870D+00  0.1434D+01
    H2PO4  0.1735D+01  0.3324D+01
     UREA  0.3881D+00  0.3881D+00
     NH3  -0.1030D+01  0.1612D+01
     NH4   0.1851D+00 -0.4529D+00
      H    0.1811D+01 -0.1705D+01
     HCO2 -0.9606D+01  0.2939D+00
    H2CO2  0.1786D+02 -0.1203D+02
     GLUC  0.3903D+02  0.1202D+03
1
              FIVMA       FIVSA       FEVM        FEVS        FLUXV
           0.1029D-04  0.1029D-04  0.4125D-04  0.5112D-04  0.5155D-04


              FIKMA       FIKSA       FEKM        FEKS        FLUXS
      NA   0.4194D-05  0.4194D-05  0.3243D-05  0.7321D-05  0.7437D-05
      K   -0.1562D-06 -0.1562D-06  0.4564D-06  0.3042D-06  0.3002D-06
      CL   0.1395D-05  0.1395D-05  0.4488D-05  0.5847D-05  0.5883D-05
     HCO3 -0.5592D-06  0.2369D-05 -0.7901D-06  0.1530D-05 -0.1349D-05
    H2CO3  0.5633D-09 -0.1898D-09  0.1942D-10  0.1943D-09  0.5827D-09
     CO2   0.2941D-05  0.1287D-07  0.6272D-08  0.7565D-07  0.2947D-05
     HPO4 -0.1737D-07  0.4150D-07 -0.9174D-08  0.1099D-06 -0.2655D-07
    H2PO4  0.1525D-06  0.9367D-07  0.1234D-07  0.2473D-07  0.1649D-06
     UREA  0.2675D-07  0.2675D-07  0.1670D-06  0.1931D-06  0.1938D-06
     NH3   0.2498D-07  0.3496D-07  0.9592D-09  0.1691D-08  0.2594D-07
     NH4  -0.1787D-06 -0.1158D-06  0.1785D-06  0.9866D-07 -0.1707D-09
      H   -0.3843D-05 -0.3842D-07  0.2032D-09 -0.4695D-09 -0.3842D-05
     HCO2 -0.8609D-06  0.1865D-07  0.1101D-06  0.9989D-07 -0.7508D-06
    H2CO2  0.8508D-06 -0.2874D-07  0.1295D-09  0.2906D-10  0.8509D-06
     GLUC  0.7451D-07  0.7451D-07 -0.7294D-07  0.2626D-08  0.1571D-08

              CIKMA       CIKSA       JNHE        JNAGLU      JNAPI       JCLF        JCLB        JKCL        JNAB        JNACLB
      NA   0.4149D-05  0.4281D-06  0.3967D-05  0.5994D-07  0.1227D-06                                      0.1050D-05 -0.6215D-06
      K    0.0000D+00  0.5003D-06                                                              0.5003D-06                        
      CL   0.1122D-05  0.1122D-05                                      0.6925D-06  0.4294D-06  0.5003D-06              0.6215D-06
     HCO3 -0.4294D-06  0.1906D-05                                                 -0.4294D-06              0.3149D-05 -0.1243D-05
    H2CO3  0.0000D+00  0.0000D+00                                                                                                
     CO2   0.0000D+00  0.0000D+00                                                                                                
     HPO4  0.0000D+00  0.0000D+00                          0.1227D-06                                                            
    H2PO4  0.1227D-06  0.0000D+00                                                                                                
     UREA  0.0000D+00  0.0000D+00                                                                                                
     NH3   0.0000D+00  0.0000D+00                                                                                                
     NH4  -0.1904D-06  0.0000D+00 -0.1904D-06                                                                                    
      H   -0.3776D-05  0.0000D+00 -0.3776D-05                                                                                    
     HCO2 -0.6925D-06  0.0000D+00                                     -0.6925D-06                                                
    H2CO2  0.0000D+00  0.0000D+00                                                                                                
     GLUC  0.5994D-07  0.0000D+00              0.5994D-07                                                                        

              PIKMA       PIKSA
      NA   0.0000D+00  0.3720D-05
      K    0.0000D+00 -0.2378D-05
      CL   0.0000D+00  0.0000D+00
     HCO3  0.0000D+00  0.0000D+00
    H2CO3  0.0000D+00  0.0000D+00
     CO2   0.0000D+00  0.0000D+00
     HPO4  0.0000D+00  0.0000D+00
    H2PO4  0.0000D+00  0.0000D+00
     UREA  0.0000D+00  0.0000D+00
     NH3   0.0000D+00  0.0000D+00
     NH4   0.0000D+00 -0.1035D-06
      H   -0.1314D-06  0.0000D+00
     HCO2  0.0000D+00  0.0000D+00
    H2CO2  0.0000D+00  0.0000D+00
     GLUC  0.0000D+00  0.0000D+00

              GIKMA       GIKSA
      NA   0.4442D-07  0.4554D-07
      K   -0.1562D-06  0.1721D-05
      CL   0.2729D-06  0.2729D-06
     HCO3 -0.1299D-06  0.4636D-06
    H2CO3  0.5633D-09 -0.1898D-09
     CO2   0.2941D-05  0.1287D-07
     HPO4 -0.1737D-07  0.4150D-07
    H2PO4  0.2984D-07  0.9367D-07
     UREA  0.2675D-07  0.2675D-07
     NH3   0.2498D-07  0.3496D-07
     NH4   0.1170D-07 -0.1237D-07
      H    0.6500D-07 -0.3842D-07
     HCO2 -0.1684D-06  0.1865D-07
    H2CO2  0.8508D-06 -0.2874D-07
     GLUC  0.1458D-07  0.7451D-07
1
              FIVMA       FIVSA       FEVM        FEVS        FLUXV
           0.4848D+03  0.4848D+03  0.1943D+04  0.2408D+04  0.2428D+04


              FIKMA       FIKSA       FEKM        FEKS        FLUXS
      NA   0.1975D+03  0.1975D+03  0.1528D+03  0.3448D+03  0.3503D+03
      K   -0.7356D+01 -0.7356D+01  0.2150D+02  0.1433D+02  0.1414D+02
      CL   0.6569D+02  0.6569D+02  0.2114D+03  0.2754D+03  0.2771D+03
     HCO3 -0.2634D+02  0.1116D+03 -0.3721D+02  0.7204D+02 -0.6355D+02
    H2CO3  0.2653D-01 -0.8940D-02  0.9147D-03  0.9154D-02  0.2745D-01
     CO2   0.1385D+03  0.6061D+00  0.2954D+00  0.3563D+01  0.1388D+03
     HPO4 -0.8182D+00  0.1954D+01 -0.4321D+00  0.5179D+01 -0.1250D+01
    H2PO4  0.7184D+01  0.4412D+01  0.5813D+00  0.1165D+01  0.7766D+01
     UREA  0.1260D+01  0.1260D+01  0.7868D+01  0.9094D+01  0.9128D+01
     NH3   0.1176D+01  0.1647D+01  0.4518D-01  0.7966D-01  0.1222D+01
     NH4  -0.8416D+01 -0.5456D+01  0.8408D+01  0.4647D+01 -0.8041D-02
      H   -0.1810D+03 -0.1809D+01  0.9572D-02 -0.2211D-01 -0.1810D+03
     HCO2 -0.4055D+02  0.8783D+00  0.5186D+01  0.4705D+01 -0.3536D+02
    H2CO2  0.4007D+02 -0.1354D+01  0.6098D-02  0.1369D-02  0.4008D+02
     GLUC  0.3510D+01  0.3510D+01 -0.3436D+01  0.1237D+00  0.7401D-01

              CIKMA       CIKSA       JNHE        JNAGLU      JNAPI       JCLF        JCLB        JKCL        JNAB        JNACLB
      NA   0.1954D+03  0.2016D+02  0.1868D+03  0.2823D+01  0.5779D+01                                      0.4944D+02 -0.2927D+02
      K    0.0000D+00  0.2356D+02                                                              0.2356D+02                        
      CL   0.5284D+02  0.5284D+02                                      0.3261D+02  0.2022D+02  0.2356D+02              0.2927D+02
     HCO3 -0.2022D+02  0.8977D+02                                                 -0.2022D+02              0.1483D+03 -0.5855D+02
    H2CO3  0.0000D+00  0.0000D+00                                                                                                
     CO2   0.0000D+00  0.0000D+00                                                                                                
     HPO4  0.0000D+00  0.0000D+00                          0.5779D+01                                                            
    H2PO4  0.5779D+01  0.0000D+00                                                                                                
     UREA  0.0000D+00  0.0000D+00                                                                                                
     NH3   0.0000D+00  0.0000D+00                                                                                                
     NH4  -0.8967D+01  0.0000D+00 -0.8967D+01                                                                                    
      H   -0.1779D+03  0.0000D+00 -0.1779D+03                                                                                    
     HCO2 -0.3261D+02  0.0000D+00                                     -0.3261D+02                                                
    H2CO2  0.0000D+00  0.0000D+00                                                                                                
     GLUC  0.2823D+01  0.0000D+00              0.2823D+01                                                                        

              PIKMA       PIKSA
      NA   0.0000D+00  0.1752D+03
      K    0.0000D+00 -0.1120D+03
      CL   0.0000D+00  0.0000D+00
     HCO3  0.0000D+00  0.0000D+00
    H2CO3  0.0000D+00  0.0000D+00
     CO2   0.0000D+00  0.0000D+00
     HPO4  0.0000D+00  0.0000D+00
    H2PO4  0.0000D+00  0.0000D+00
     UREA  0.0000D+00  0.0000D+00
     NH3   0.0000D+00  0.0000D+00
     NH4   0.0000D+00 -0.4874D+01
      H   -0.6191D+01  0.0000D+00
     HCO2  0.0000D+00  0.0000D+00
    H2CO2  0.0000D+00  0.0000D+00
     GLUC  0.0000D+00  0.0000D+00

              GIKMA       GIKSA
      NA   0.2092D+01  0.2145D+01
      K   -0.7356D+01  0.8107D+02
      CL   0.1285D+02  0.1285D+02
     HCO3 -0.6116D+01  0.2183D+02
    H2CO3  0.2653D-01 -0.8940D-02
     CO2   0.1385D+03  0.6061D+00
     HPO4 -0.8182D+00  0.1954D+01
    H2PO4  0.1406D+01  0.4412D+01
     UREA  0.1260D+01  0.1260D+01
     NH3   0.1176D+01  0.1647D+01
     NH4   0.5512D+00 -0.5829D+00
      H    0.3061D+01 -0.1809D+01
     HCO2 -0.7933D+01  0.8783D+00
    H2CO2  0.4007D+02 -0.1354D+01
     GLUC  0.6866D+00  0.3510D+01
1
              FIVMA       FIVSA       FEVM        FEVS        FLUXV
           0.4615D-05  0.4615D-05  0.4426D-04  0.4863D-04  0.4888D-04


              FIKMA       FIKSA       FEKM        FEKS        FLUXS
      NA   0.3327D-05  0.3327D-05  0.3687D-05  0.6929D-05  0.7015D-05
      K   -0.1291D-06 -0.1291D-06  0.4320D-06  0.3061D-06  0.3029D-06
      CL   0.1219D-05  0.1219D-05  0.5224D-05  0.6406D-05  0.6443D-05
     HCO3 -0.4820D-06  0.1702D-05 -0.1019D-05  0.6401D-06 -0.1501D-05
    H2CO3  0.3498D-09 -0.1288D-09  0.2041D-10  0.1848D-09  0.3702D-09
     CO2   0.2196D-05  0.1237D-07  0.6718D-08  0.7215D-07  0.2202D-05
     HPO4 -0.1459D-07  0.3474D-07 -0.1384D-07  0.8519D-07 -0.2843D-07
    H2PO4  0.1310D-06  0.8170D-07  0.1924D-07  0.3351D-07  0.1503D-06
     UREA  0.3679D-07  0.3679D-07  0.2617D-06  0.2975D-06  0.2985D-06
     NH3  -0.3004D-08  0.1703D-07  0.3178D-09  0.1111D-08 -0.2686D-08
     NH4  -0.1320D-06 -0.9344D-07  0.1639D-06  0.8852D-07  0.3190D-07
      H   -0.2998D-05 -0.3168D-07  0.3413D-09  0.4658D-09 -0.2997D-05
     HCO2 -0.7567D-06  0.1485D-07  0.7295D-07  0.7511D-07 -0.6837D-06
    H2CO2  0.7594D-06 -0.1216D-07  0.1458D-09  0.3450D-10  0.7595D-06
     GLUC  0.7496D-07  0.7496D-07 -0.7319D-07  0.2101D-08  0.1771D-08

              CIKMA       CIKSA       JNHE        JNAGLU      JNAPI       JCLF        JCLB        JKCL        JNAB        JNACLB
      NA   0.3327D-05  0.3320D-06  0.3121D-05  0.7496D-07  0.1310D-06                                      0.1038D-05 -0.7058D-06
      K    0.0000D+00  0.5130D-06                                                              0.5130D-06                        
      CL   0.1219D-05  0.1219D-05                                      0.7567D-06  0.4622D-06  0.5130D-06              0.7058D-06
     HCO3 -0.4622D-06  0.1702D-05                                                 -0.4622D-06              0.3113D-05 -0.1412D-05
    H2CO3  0.0000D+00  0.0000D+00                                                                                                
     CO2   0.0000D+00  0.0000D+00                                                                                                
     HPO4  0.0000D+00  0.0000D+00                          0.1310D-06                                                            
    H2PO4  0.1310D-06  0.0000D+00                                                                                                
     UREA  0.0000D+00  0.0000D+00                                                                                                
     NH3   0.0000D+00  0.0000D+00                                                                                                
     NH4  -0.1408D-06  0.0000D+00 -0.1408D-06                                                                                    
      H   -0.2981D-05  0.0000D+00 -0.2981D-05                                                                                    
     HCO2 -0.7567D-06  0.0000D+00                                     -0.7567D-06                                                
    H2CO2  0.0000D+00  0.0000D+00                                                                                                
     GLUC  0.7496D-07  0.0000D+00              0.7496D-07                                                                        

              PIKMA       PIKSA
      NA   0.0000D+00  0.3042D-05
      K    0.0000D+00 -0.1946D-05
      CL   0.0000D+00  0.0000D+00
     HCO3  0.0000D+00  0.0000D+00
    H2CO3  0.0000D+00  0.0000D+00
     CO2   0.0000D+00  0.0000D+00
     HPO4  0.0000D+00  0.0000D+00
    H2PO4  0.0000D+00  0.0000D+00
     UREA  0.0000D+00  0.0000D+00
     NH3   0.0000D+00  0.0000D+00
     NH4   0.0000D+00 -0.8358D-07
      H   -0.8574D-07  0.0000D+00
     HCO2  0.0000D+00  0.0000D+00
    H2CO2  0.0000D+00  0.0000D+00
     GLUC  0.0000D+00  0.0000D+00

              GIKMA       GIKSA
      NA   0.0000D+00 -0.4687D-07
      K   -0.1291D-06  0.1304D-05
      CL   0.0000D+00  0.0000D+00
     HCO3 -0.1982D-07  0.0000D+00
    H2CO3  0.3498D-09 -0.1288D-09
     CO2   0.2196D-05  0.1237D-07
     HPO4 -0.1459D-07  0.3474D-07
    H2PO4  0.0000D+00  0.8170D-07
     UREA  0.3679D-07  0.3679D-07
     NH3  -0.3004D-08  0.1703D-07
     NH4   0.8813D-08 -0.9864D-08
      H    0.6854D-07 -0.3168D-07
     HCO2  0.0000D+00  0.1485D-07
    H2CO2  0.7594D-06 -0.1216D-07
     GLUC  0.0000D+00  0.7496D-07
1
              FIVMA       FIVSA       FEVM        FEVS        FLUXV
           0.2174D+03  0.2174D+03  0.2085D+04  0.2290D+04  0.2302D+04


              FIKMA       FIKSA       FEKM        FEKS        FLUXS
      NA   0.1567D+03  0.1567D+03  0.1737D+03  0.3264D+03  0.3304D+03
      K   -0.6079D+01 -0.6079D+01  0.2035D+02  0.1442D+02  0.1427D+02
      CL   0.5741D+02  0.5741D+02  0.2461D+03  0.3017D+03  0.3035D+03
     HCO3 -0.2270D+02  0.8015D+02 -0.4798D+02  0.3015D+02 -0.7069D+02
    H2CO3  0.1648D-01 -0.6065D-02  0.9612D-03  0.8705D-02  0.1744D-01
     CO2   0.1034D+03  0.5824D+00  0.3164D+00  0.3398D+01  0.1037D+03
     HPO4 -0.6872D+00  0.1636D+01 -0.6517D+00  0.4012D+01 -0.1339D+01
    H2PO4  0.6172D+01  0.3848D+01  0.9061D+00  0.1578D+01  0.7078D+01
     UREA  0.1733D+01  0.1733D+01  0.1233D+02  0.1401D+02  0.1406D+02
     NH3  -0.1415D+00  0.8023D+00  0.1497D-01  0.5235D-01 -0.1265D+00
     NH4  -0.6216D+01 -0.4401D+01  0.7719D+01  0.4169D+01  0.1503D+01
      H   -0.1412D+03 -0.1492D+01  0.1607D-01  0.2194D-01 -0.1412D+03
     HCO2 -0.3564D+02  0.6994D+00  0.3436D+01  0.3538D+01 -0.3220D+02
    H2CO2  0.3577D+02 -0.5728D+00  0.6867D-02  0.1625D-02  0.3577D+02
     GLUC  0.3531D+01  0.3531D+01 -0.3447D+01  0.9898D-01  0.8343D-01

              CIKMA       CIKSA       JNHE        JNAGLU      JNAPI       JCLF        JCLB        JKCL        JNAB        JNACLB
      NA   0.1567D+03  0.1564D+02  0.1470D+03  0.3531D+01  0.6172D+01                                      0.4888D+02 -0.3324D+02
      K    0.0000D+00  0.2416D+02                                                              0.2416D+02                        
      CL   0.5741D+02  0.5741D+02                                      0.3564D+02  0.2177D+02  0.2416D+02              0.3324D+02
     HCO3 -0.2177D+02  0.8015D+02                                                 -0.2177D+02              0.1466D+03 -0.6649D+02
    H2CO3  0.0000D+00  0.0000D+00                                                                                                
     CO2   0.0000D+00  0.0000D+00                                                                                                
     HPO4  0.0000D+00  0.0000D+00                          0.6172D+01                                                            
    H2PO4  0.6172D+01  0.0000D+00                                                                                                
     UREA  0.0000D+00  0.0000D+00                                                                                                
     NH3   0.0000D+00  0.0000D+00                                                                                                
     NH4  -0.6631D+01  0.0000D+00 -0.6631D+01                                                                                    
      H   -0.1404D+03  0.0000D+00 -0.1404D+03                                                                                    
     HCO2 -0.3564D+02  0.0000D+00                                     -0.3564D+02                                                
    H2CO2  0.0000D+00  0.0000D+00                                                                                                
     GLUC  0.3531D+01  0.0000D+00              0.3531D+01                                                                        

              PIKMA       PIKSA
      NA   0.0000D+00  0.1433D+03
      K    0.0000D+00 -0.9164D+02
      CL   0.0000D+00  0.0000D+00
     HCO3  0.0000D+00  0.0000D+00
    H2CO3  0.0000D+00  0.0000D+00
     CO2   0.0000D+00  0.0000D+00
     HPO4  0.0000D+00  0.0000D+00
    H2PO4  0.0000D+00  0.0000D+00
     UREA  0.0000D+00  0.0000D+00
     NH3   0.0000D+00  0.0000D+00
     NH4   0.0000D+00 -0.3936D+01
      H   -0.4039D+01  0.0000D+00
     HCO2  0.0000D+00  0.0000D+00
    H2CO2  0.0000D+00  0.0000D+00
     GLUC  0.0000D+00  0.0000D+00

              GIKMA       GIKSA
      NA  -0.2842D-13 -0.2208D+01
      K   -0.6079D+01  0.6140D+02
      CL   0.0000D+00 -0.5129D-13
     HCO3 -0.9335D+00 -0.2525D-12
    H2CO3  0.1648D-01 -0.6065D-02
     CO2   0.1034D+03  0.5824D+00
     HPO4 -0.6872D+00  0.1636D+01
    H2PO4  0.0000D+00  0.3848D+01
     UREA  0.1733D+01  0.1733D+01
     NH3  -0.1415D+00  0.8023D+00
     NH4   0.4151D+00 -0.4646D+00
      H    0.3228D+01 -0.1492D+01
     HCO2  0.0000D+00  0.6994D+00
    H2CO2  0.3577D+02 -0.5728D+00
     GLUC -0.1821D-13  0.3531D+01
