    -.29182337263948660000D-01
     .29910094780579186000D+01
     .14030341092991238000D+00
     .52172912667217911000D-02
     .11370069891867840000D+00
     .25891979657700518000D-01
     .43871685083474458000D+01
     .14993181658898109000D-02
     .30172357326098604000D-02
     .86821703135717229000D-03
     .49949154760956446000D-02
     .15129199010058542000D+02
     .97461927062872821000D+00
     .45605692909613246000D+02
    -.38972878643014858000D+02
     .51831337087194728000D-01
     .18592280331779197000D-01
     .13056126621743430000D+00
     .29164863121115346000D-01
     .25714763756455830000D-01
     .43761563608359237000D+01
     .14991626035171807000D-02
     .25415990524600289000D-01
     .73454318227482778000D-02
     .49969492856573862000D-02
     .15033755438104776000D+02
     .97269744098658716000D+00
     .45804726281647468000D+02
     .48359601952852209000D+01
     .00000000000000000000D+00
     .14000000000000001000D+00
     .50000000000000001000D-02
     .11408459899999999000D+00
     .25000000000000001000D-01
     .44119999999999981000D+01
     .15000000000000000000D-02
     .30007150000000001000D-02
     .89928499999999999000D-03
     .50000000000000001000D-02
     .14685999999999999000D+02
     .98531399999999991000D+00
     .47500206219702242000D+02
     .60000000000000000000D+03
     .00000000000000000000D+00
