    -.81507129336547811000D-02
    -.23750533277213421000D+02
     .14035433081801826000D+00
     .46845386080598431000D-02
     .11211039685891563000D+00
     .25465579889630222000D-01
     .43767248798023361000D+01
     .14987344032207595000D-02
     .29761536540865926000D-02
     .86866292203941364000D-03
     .49148173892717295000D-02
     .27103759739261761000D+01
     .17710258563747305000D+00
     .46258947186850193000D+02
     .81907129190429131000D-03
     .21803059462065463000D+00
     .75041367115558661000D-02
    -.55563474319760949000D+02
     .69353504029762980000D-01
     .19544706879364232000D-01
     .13822579166408838000D+00
     .15996089189716043000D-01
     .24944335525471417000D-01
     .43753412381201126000D+01
     .14988223054766827000D-02
     .84656859862061641000D-02
     .25217521693583293000D-02
     .49594751302125357000D-02
     .34734277745845325000D+01
     .23163167529989203000D+00
     .47210658386299442000D+02
     .43507122633296331000D-03
     .11819535500997342000D+00
     .14844607982794182000D-01
    -.11856899591998082000D+00
     .13861433996202205000D+02
     .14000000000000001000D+00
     .48999999999999998000D-02
     .11322498999999999000D+00
     .24000000000000000000D-01
     .44119999999999981000D+01
     .15000000000000000000D-02
     .29721589999999998000D-02
     .92784099999999999000D-03
     .50000000000000001000D-02
     .28210000000000001000D+01
     .19717899999999999000D+00
     .49479389084537601000D+02
     .10000289999999999000D-02
     .28500000000000003000D+00
     .50000000000000001000D-02
     .50000000000000000000D+00
     .00000000000000000000D+00
