    -.15396916606787455000D+00
    -.11957663247235432000D+02
     .26260403772290225000D+00
     .11101676498463247000D-01
     .24957705604551705000D+00
     .22605601423080514000D-01
     .30159748065606173000D+01
     .14970673413369855000D-02
     .42244641734401769000D-02
     .95715720934032939000D-03
     .24426893271132249000D+00
     .15541019007317851000D+03
     .78829928937637889000D+01
     .35909688964683510000D+02
    -.65483194233844216000D+02
     .15280093415116360000D+00
     .29171238615029810000D-01
     .15456555321244222000D+00
     .58062554833182261000D-01
     .16893865664071132000D-01
     .42691437000710239000D+01
     .14971690382236822000D-02
     .26877104081959805000D-01
     .11534378804916339000D-01
     .27994734648006341000D+00
     .17344845130333183000D+03
     .16664111524113671000D+02
     .68016101702585501000D+02
    -.12808007518760236000D+02
