   .63800000D-05
   .63800000D-05
   .63800000D-05
   .63800000D-05
   .63800000D-05
   .63800000D-05
   .63800000D-05
   .63800000D-05
   .63800000D-05
   .63800000D-05
   .63800000D-05
   .63800000D-05
   .63800000D-05
   .63800000D-05
   .63800000D-05
   .63800000D-05
   .63800000D-05
   .63800000D-05
   .63800000D-05
   .63800000D-05
   .63800000D-05
   .63800000D-05
   .63800000D-05
   .63800000D-05
   .63800000D-05
   .63800000D-05
   .63800000D-05
   .63800000D-05
   .63800000D-05
   .63800000D-05
   .63800000D-05
   .63800000D-05
   .63800000D-05
   .63800000D-05
   .63800000D-05
   .63800000D-05
   .63800000D-05
   .63800000D-05
   .63800000D-05
   .63800000D-05
   .63800000D-05
