    -.72494392899808773000D-01
    -.22345807958496903000D+01
     .14883676241294738000D+00
     .43768560672218541000D-02
     .12106912513465618000D+00
     .27971238532927811000D-01
     .38799305740030023000D+01
     .11983180672267526000D-02
     .19841106840756857000D-02
     .46738891808219647000D-03
     .53304896478139881000D-02
     .49741213879884238000D+01
     .26231813897769445000D+00
     .37334670646377489000D+02
    -.96892819657639577000D+02
     .91366131567028760000D-01
     .13779961300277074000D-01
     .15000411845703892000D+00
     .17998202421020344000D-01
     .14796596640752160000D-01
     .33604162951625249000D+01
     .11981657625322629000D-02
     .94370466415010963000D-02
     .36397169068139050000D-02
     .68826388650534524000D-02
     .80056094809682463000D+01
     .69123438454260632000D+00
     .61126751130713131000D+02
    -.62511576664246026000D+01
