    0  205   .2000D-09
   .1000D-02   .2000D-01   .1000D+00   .1450D+03   .4960D+05
   .1000D-02   .8000D-04   .1000D+00   .3600D-01   .6000D+00
 1.000  .000   .8000D-02   .3000D-01
 1.000  .000   .8000D-02   .4000D-01
 1.000  .000   .5000D-02   .4000D-01
 1.000  .000   .5000D-02   .2000D-01
 1.000  .000   .5000D-02   .3000D-01
 1.000  .000   .5000D-02   .3000D-01
 1.000  .000   .1000D-02   .2000D-01
 1.000  .000   .1000D-02   .2000D-01
 1.000  .000   .2000D-02   .2000D-01
 1.000  .000   .8000D-02   .2500D-01
 1.000  .000   .8000D-02   .4000D-01
 1.000  .000   .8000D-02   .2000D+00
   .6430D+02   .4700D+01   .7500D-03   .7000D-01  -.1000D+01
   .1450D+03   .4960D+05   .4000D-01   .7500D+01
   .4000D-06   .1000D+01   .0000D+00
   .0000D+00   .4000D+00   .2100D+01
   .0000D+00   .1500D-07   .2000D-06
   .2100D-04   .1500D-03
 1.000 1.000   .2000D-05   .1000D-09
 1.000 1.000   .6000D-05   .1200D-05
 1.000 1.000   .0000D+00   .4000D-06
 1.000 1.000   .0000D+00   .2000D-06
 1.000 1.000   .1300D-02   .1300D-02
 1.000 1.000   .1500D+00   .1500D+00
 1.000 1.000   .0000D+00   .2000D-07
 1.000 1.000   .0000D+00   .2000D-07
 1.000 1.000   .2000D-05   .2000D-05
 1.000 1.000   .2000D-02   .2000D-02
 1.000 1.000   .1200D-05   .2400D-06
 1.000 1.000   .2000D-05   .2000D-05
    3   12
    2    2   .4000D-08
    2    3   .4000D-08
    3    3   .4000D-08
    2    2   .2000D-07
    2    3   .2000D-07
    3    3   .2000D-07
    1    1   .8000D-09
    1    7   .4000D-09
    7    7   .2000D-09
    3    3   .1500D-07
    3    4  -.1500D-07
    4    4   .1500D-07
    1    1   .4000D-08
    1   12  -.4000D-08
   12   12   .4000D-08
    0  205   .2000D-09
   .1000D-02   .2000D-01   .1000D+00   .1450D+03   .4960D+05
   .1000D-02   .8000D-04   .1000D+00   .3600D-01   .6000D+00
 1.000  .000   .8000D-02   .3000D-01
 1.000  .000   .8000D-02   .4000D-01
 1.000  .000   .5000D-02   .4000D-01
 1.000  .000   .5000D-02   .2000D-01
 1.000  .000   .5000D-02   .3000D-01
 1.000  .000   .5000D-02   .3000D-01
 1.000  .000   .1000D-02   .2000D-01
 1.000  .000   .1000D-02   .2000D-01
 1.000  .000   .2000D-02   .2000D-01
 1.000  .000   .8000D-02   .2500D-01
 1.000  .000   .8000D-02   .4000D-01
 1.000  .000   .8000D-02   .2000D+00
   .6430D+02   .4700D+01   .7500D-03   .7000D-01  -.1000D+01
   .1450D+03   .4960D+05   .4000D-01   .7500D+01
   .4000D-06   .1000D+01   .0000D+00
   .0000D+00   .4000D+00   .2100D+01
   .0000D+00   .1500D-07   .2000D-06
   .2100D-04   .1500D-03
 1.000 1.000   .2000D-05   .1000D-09
 1.000 1.000   .6000D-05   .1200D-05
 1.000 1.000   .0000D+00   .4000D-06
 1.000 1.000   .0000D+00   .2000D-06
 1.000 1.000   .1300D-02   .1300D-02
 1.000 1.000   .1500D+00   .1500D+00
 1.000 1.000   .0000D+00   .2000D-07
 1.000 1.000   .0000D+00   .2000D-07
 1.000 1.000   .2000D-05   .2000D-05
 1.000 1.000   .2000D-02   .2000D-02
 1.000 1.000   .1200D-05   .2400D-06
 1.000 1.000   .2000D-05   .2000D-05
    3   12
    2    2   .4000D-08
    2    3   .4000D-08
    3    3   .4000D-08
    2    2   .1951D-07
    2    3   .1951D-07
    3    3   .1951D-07
    1    1   .8000D-09
    1    7   .4000D-09
    7    7   .2000D-09
    3    3   .1500D-07
    3    4  -.1500D-07
    4    4   .1500D-07
    1    1   .4000D-08
    1   12  -.4000D-08
   12   12   .4000D-08
    0  205   .2000D-09
   .1000D-02   .2000D-01   .1000D+00   .1450D+03   .4960D+05
   .1000D-02   .8000D-04   .1000D+00   .3600D-01   .6000D+00
 1.000  .000   .8000D-02   .3000D-01
 1.000  .000   .8000D-02   .4000D-01
 1.000  .000   .5000D-02   .4000D-01
 1.000  .000   .5000D-02   .2000D-01
 1.000  .000   .5000D-02   .3000D-01
 1.000  .000   .5000D-02   .3000D-01
 1.000  .000   .1000D-02   .2000D-01
 1.000  .000   .1000D-02   .2000D-01
 1.000  .000   .2000D-02   .2000D-01
 1.000  .000   .8000D-02   .2500D-01
 1.000  .000   .8000D-02   .4000D-01
 1.000  .000   .8000D-02   .2000D+00
   .6430D+02   .4700D+01   .7500D-03   .7000D-01  -.1000D+01
   .1450D+03   .4960D+05   .4000D-01   .7500D+01
   .4000D-06   .1000D+01   .0000D+00
   .0000D+00   .4000D+00   .2100D+01
   .0000D+00   .1500D-07   .2000D-06
   .2100D-04   .1500D-03
 1.000 1.000   .2000D-05   .1000D-09
 1.000 1.000   .6000D-05   .1200D-05
 1.000 1.000   .0000D+00   .4000D-06
 1.000 1.000   .0000D+00   .2000D-06
 1.000 1.000   .1300D-02   .1300D-02
 1.000 1.000   .1500D+00   .1500D+00
 1.000 1.000   .0000D+00   .2000D-07
 1.000 1.000   .0000D+00   .2000D-07
 1.000 1.000   .2000D-05   .2000D-05
 1.000 1.000   .2000D-02   .2000D-02
 1.000 1.000   .1200D-05   .2400D-06
 1.000 1.000   .2000D-05   .2000D-05
    3   12
    2    2   .4000D-08
    2    3   .4000D-08
    3    3   .4000D-08
    2    2   .1902D-07
    2    3   .1902D-07
    3    3   .1902D-07
    1    1   .8000D-09
    1    7   .4000D-09
    7    7   .2000D-09
    3    3   .1500D-07
    3    4  -.1500D-07
    4    4   .1500D-07
    1    1   .4000D-08
    1   12  -.4000D-08
   12   12   .4000D-08
    0  205   .2000D-09
   .1000D-02   .2000D-01   .1000D+00   .1450D+03   .4960D+05
   .1000D-02   .8000D-04   .1000D+00   .3600D-01   .6000D+00
 1.000  .000   .8000D-02   .3000D-01
 1.000  .000   .8000D-02   .4000D-01
 1.000  .000   .5000D-02   .4000D-01
 1.000  .000   .5000D-02   .2000D-01
 1.000  .000   .5000D-02   .3000D-01
 1.000  .000   .5000D-02   .3000D-01
 1.000  .000   .1000D-02   .2000D-01
 1.000  .000   .1000D-02   .2000D-01
 1.000  .000   .2000D-02   .2000D-01
 1.000  .000   .8000D-02   .2500D-01
 1.000  .000   .8000D-02   .4000D-01
 1.000  .000   .8000D-02   .2000D+00
   .6430D+02   .4700D+01   .7500D-03   .7000D-01  -.1000D+01
   .1450D+03   .4960D+05   .4000D-01   .7500D+01
   .4000D-06   .1000D+01   .0000D+00
   .0000D+00   .4000D+00   .2100D+01
   .0000D+00   .1500D-07   .2000D-06
   .2100D-04   .1500D-03
 1.000 1.000   .2000D-05   .1000D-09
 1.000 1.000   .6000D-05   .1200D-05
 1.000 1.000   .0000D+00   .4000D-06
 1.000 1.000   .0000D+00   .2000D-06
 1.000 1.000   .1300D-02   .1300D-02
 1.000 1.000   .1500D+00   .1500D+00
 1.000 1.000   .0000D+00   .2000D-07
 1.000 1.000   .0000D+00   .2000D-07
 1.000 1.000   .2000D-05   .2000D-05
 1.000 1.000   .2000D-02   .2000D-02
 1.000 1.000   .1200D-05   .2400D-06
 1.000 1.000   .2000D-05   .2000D-05
    3   12
    2    2   .4000D-08
    2    3   .4000D-08
    3    3   .4000D-08
    2    2   .1854D-07
    2    3   .1854D-07
    3    3   .1854D-07
    1    1   .8000D-09
    1    7   .4000D-09
    7    7   .2000D-09
    3    3   .1500D-07
    3    4  -.1500D-07
    4    4   .1500D-07
    1    1   .4000D-08
    1   12  -.4000D-08
   12   12   .4000D-08
    0  205   .2000D-09
   .1000D-02   .2000D-01   .1000D+00   .1450D+03   .4960D+05
   .1000D-02   .8000D-04   .1000D+00   .3600D-01   .6000D+00
 1.000  .000   .8000D-02   .3000D-01
 1.000  .000   .8000D-02   .4000D-01
 1.000  .000   .5000D-02   .4000D-01
 1.000  .000   .5000D-02   .2000D-01
 1.000  .000   .5000D-02   .3000D-01
 1.000  .000   .5000D-02   .3000D-01
 1.000  .000   .1000D-02   .2000D-01
 1.000  .000   .1000D-02   .2000D-01
 1.000  .000   .2000D-02   .2000D-01
 1.000  .000   .8000D-02   .2500D-01
 1.000  .000   .8000D-02   .4000D-01
 1.000  .000   .8000D-02   .2000D+00
   .6430D+02   .4700D+01   .7500D-03   .7000D-01  -.1000D+01
   .1450D+03   .4960D+05   .4000D-01   .7500D+01
   .4000D-06   .1000D+01   .0000D+00
   .0000D+00   .4000D+00   .2100D+01
   .0000D+00   .1500D-07   .2000D-06
   .2100D-04   .1500D-03
 1.000 1.000   .2000D-05   .1000D-09
 1.000 1.000   .6000D-05   .1200D-05
 1.000 1.000   .0000D+00   .4000D-06
 1.000 1.000   .0000D+00   .2000D-06
 1.000 1.000   .1300D-02   .1300D-02
 1.000 1.000   .1500D+00   .1500D+00
 1.000 1.000   .0000D+00   .2000D-07
 1.000 1.000   .0000D+00   .2000D-07
 1.000 1.000   .2000D-05   .2000D-05
 1.000 1.000   .2000D-02   .2000D-02
 1.000 1.000   .1200D-05   .2400D-06
 1.000 1.000   .2000D-05   .2000D-05
    3   12
    2    2   .4000D-08
    2    3   .4000D-08
    3    3   .4000D-08
    2    2   .1805D-07
    2    3   .1805D-07
    3    3   .1805D-07
    1    1   .8000D-09
    1    7   .4000D-09
    7    7   .2000D-09
    3    3   .1500D-07
    3    4  -.1500D-07
    4    4   .1500D-07
    1    1   .4000D-08
    1   12  -.4000D-08
   12   12   .4000D-08
    0  205   .2000D-09
   .1000D-02   .2000D-01   .1000D+00   .1450D+03   .4960D+05
   .1000D-02   .8000D-04   .1000D+00   .3600D-01   .6000D+00
 1.000  .000   .8000D-02   .3000D-01
 1.000  .000   .8000D-02   .4000D-01
 1.000  .000   .5000D-02   .4000D-01
 1.000  .000   .5000D-02   .2000D-01
 1.000  .000   .5000D-02   .3000D-01
 1.000  .000   .5000D-02   .3000D-01
 1.000  .000   .1000D-02   .2000D-01
 1.000  .000   .1000D-02   .2000D-01
 1.000  .000   .2000D-02   .2000D-01
 1.000  .000   .8000D-02   .2500D-01
 1.000  .000   .8000D-02   .4000D-01
 1.000  .000   .8000D-02   .2000D+00
   .6430D+02   .4700D+01   .7500D-03   .7000D-01  -.1000D+01
   .1450D+03   .4960D+05   .4000D-01   .7500D+01
   .4000D-06   .1000D+01   .0000D+00
   .0000D+00   .4000D+00   .2100D+01
   .0000D+00   .1500D-07   .2000D-06
   .2100D-04   .1500D-03
 1.000 1.000   .2000D-05   .1000D-09
 1.000 1.000   .6000D-05   .1200D-05
 1.000 1.000   .0000D+00   .4000D-06
 1.000 1.000   .0000D+00   .2000D-06
 1.000 1.000   .1300D-02   .1300D-02
 1.000 1.000   .1500D+00   .1500D+00
 1.000 1.000   .0000D+00   .2000D-07
 1.000 1.000   .0000D+00   .2000D-07
 1.000 1.000   .2000D-05   .2000D-05
 1.000 1.000   .2000D-02   .2000D-02
 1.000 1.000   .1200D-05   .2400D-06
 1.000 1.000   .2000D-05   .2000D-05
    3   12
    2    2   .4000D-08
    2    3   .4000D-08
    3    3   .4000D-08
    2    2   .1756D-07
    2    3   .1756D-07
    3    3   .1756D-07
    1    1   .8000D-09
    1    7   .4000D-09
    7    7   .2000D-09
    3    3   .1500D-07
    3    4  -.1500D-07
    4    4   .1500D-07
    1    1   .4000D-08
    1   12  -.4000D-08
   12   12   .4000D-08
    0  205   .2000D-09
   .1000D-02   .2000D-01   .1000D+00   .1450D+03   .4960D+05
   .1000D-02   .8000D-04   .1000D+00   .3600D-01   .6000D+00
 1.000  .000   .8000D-02   .3000D-01
 1.000  .000   .8000D-02   .4000D-01
 1.000  .000   .5000D-02   .4000D-01
 1.000  .000   .5000D-02   .2000D-01
 1.000  .000   .5000D-02   .3000D-01
 1.000  .000   .5000D-02   .3000D-01
 1.000  .000   .1000D-02   .2000D-01
 1.000  .000   .1000D-02   .2000D-01
 1.000  .000   .2000D-02   .2000D-01
 1.000  .000   .8000D-02   .2500D-01
 1.000  .000   .8000D-02   .4000D-01
 1.000  .000   .8000D-02   .2000D+00
   .6430D+02   .4700D+01   .7500D-03   .7000D-01  -.1000D+01
   .1450D+03   .4960D+05   .4000D-01   .7500D+01
   .4000D-06   .1000D+01   .0000D+00
   .0000D+00   .4000D+00   .2100D+01
   .0000D+00   .1500D-07   .2000D-06
   .2100D-04   .1500D-03
 1.000 1.000   .2000D-05   .1000D-09
 1.000 1.000   .6000D-05   .1200D-05
 1.000 1.000   .0000D+00   .4000D-06
 1.000 1.000   .0000D+00   .2000D-06
 1.000 1.000   .1300D-02   .1300D-02
 1.000 1.000   .1500D+00   .1500D+00
 1.000 1.000   .0000D+00   .2000D-07
 1.000 1.000   .0000D+00   .2000D-07
 1.000 1.000   .2000D-05   .2000D-05
 1.000 1.000   .2000D-02   .2000D-02
 1.000 1.000   .1200D-05   .2400D-06
 1.000 1.000   .2000D-05   .2000D-05
    3   12
    2    2   .4000D-08
    2    3   .4000D-08
    3    3   .4000D-08
    2    2   .1707D-07
    2    3   .1707D-07
    3    3   .1707D-07
    1    1   .8000D-09
    1    7   .4000D-09
    7    7   .2000D-09
    3    3   .1500D-07
    3    4  -.1500D-07
    4    4   .1500D-07
    1    1   .4000D-08
    1   12  -.4000D-08
   12   12   .4000D-08
    0  205   .2000D-09
   .1000D-02   .2000D-01   .1000D+00   .1450D+03   .4960D+05
   .1000D-02   .8000D-04   .1000D+00   .3600D-01   .6000D+00
 1.000  .000   .8000D-02   .3000D-01
 1.000  .000   .8000D-02   .4000D-01
 1.000  .000   .5000D-02   .4000D-01
 1.000  .000   .5000D-02   .2000D-01
 1.000  .000   .5000D-02   .3000D-01
 1.000  .000   .5000D-02   .3000D-01
 1.000  .000   .1000D-02   .2000D-01
 1.000  .000   .1000D-02   .2000D-01
 1.000  .000   .2000D-02   .2000D-01
 1.000  .000   .8000D-02   .2500D-01
 1.000  .000   .8000D-02   .4000D-01
 1.000  .000   .8000D-02   .2000D+00
   .6430D+02   .4700D+01   .7500D-03   .7000D-01  -.1000D+01
   .1450D+03   .4960D+05   .4000D-01   .7500D+01
   .4000D-06   .1000D+01   .0000D+00
   .0000D+00   .4000D+00   .2100D+01
   .0000D+00   .1500D-07   .2000D-06
   .2100D-04   .1500D-03
 1.000 1.000   .2000D-05   .1000D-09
 1.000 1.000   .6000D-05   .1200D-05
 1.000 1.000   .0000D+00   .4000D-06
 1.000 1.000   .0000D+00   .2000D-06
 1.000 1.000   .1300D-02   .1300D-02
 1.000 1.000   .1500D+00   .1500D+00
 1.000 1.000   .0000D+00   .2000D-07
 1.000 1.000   .0000D+00   .2000D-07
 1.000 1.000   .2000D-05   .2000D-05
 1.000 1.000   .2000D-02   .2000D-02
 1.000 1.000   .1200D-05   .2400D-06
 1.000 1.000   .2000D-05   .2000D-05
    3   12
    2    2   .4000D-08
    2    3   .4000D-08
    3    3   .4000D-08
    2    2   .1659D-07
    2    3   .1659D-07
    3    3   .1659D-07
    1    1   .8000D-09
    1    7   .4000D-09
    7    7   .2000D-09
    3    3   .1500D-07
    3    4  -.1500D-07
    4    4   .1500D-07
    1    1   .4000D-08
    1   12  -.4000D-08
   12   12   .4000D-08
    0  205   .2000D-09
   .1000D-02   .2000D-01   .1000D+00   .1450D+03   .4960D+05
   .1000D-02   .8000D-04   .1000D+00   .3600D-01   .6000D+00
 1.000  .000   .8000D-02   .3000D-01
 1.000  .000   .8000D-02   .4000D-01
 1.000  .000   .5000D-02   .4000D-01
 1.000  .000   .5000D-02   .2000D-01
 1.000  .000   .5000D-02   .3000D-01
 1.000  .000   .5000D-02   .3000D-01
 1.000  .000   .1000D-02   .2000D-01
 1.000  .000   .1000D-02   .2000D-01
 1.000  .000   .2000D-02   .2000D-01
 1.000  .000   .8000D-02   .2500D-01
 1.000  .000   .8000D-02   .4000D-01
 1.000  .000   .8000D-02   .2000D+00
   .6430D+02   .4700D+01   .7500D-03   .7000D-01  -.1000D+01
   .1450D+03   .4960D+05   .4000D-01   .7500D+01
   .4000D-06   .1000D+01   .0000D+00
   .0000D+00   .4000D+00   .2100D+01
   .0000D+00   .1500D-07   .2000D-06
   .2100D-04   .1500D-03
 1.000 1.000   .2000D-05   .1000D-09
 1.000 1.000   .6000D-05   .1200D-05
 1.000 1.000   .0000D+00   .4000D-06
 1.000 1.000   .0000D+00   .2000D-06
 1.000 1.000   .1300D-02   .1300D-02
 1.000 1.000   .1500D+00   .1500D+00
 1.000 1.000   .0000D+00   .2000D-07
 1.000 1.000   .0000D+00   .2000D-07
 1.000 1.000   .2000D-05   .2000D-05
 1.000 1.000   .2000D-02   .2000D-02
 1.000 1.000   .1200D-05   .2400D-06
 1.000 1.000   .2000D-05   .2000D-05
    3   12
    2    2   .4000D-08
    2    3   .4000D-08
    3    3   .4000D-08
    2    2   .1610D-07
    2    3   .1610D-07
    3    3   .1610D-07
    1    1   .8000D-09
    1    7   .4000D-09
    7    7   .2000D-09
    3    3   .1500D-07
    3    4  -.1500D-07
    4    4   .1500D-07
    1    1   .4000D-08
    1   12  -.4000D-08
   12   12   .4000D-08
    0  205   .2000D-09
   .1000D-02   .2000D-01   .1000D+00   .1450D+03   .4960D+05
   .1000D-02   .8000D-04   .1000D+00   .3600D-01   .6000D+00
 1.000  .000   .8000D-02   .3000D-01
 1.000  .000   .8000D-02   .4000D-01
 1.000  .000   .5000D-02   .4000D-01
 1.000  .000   .5000D-02   .2000D-01
 1.000  .000   .5000D-02   .3000D-01
 1.000  .000   .5000D-02   .3000D-01
 1.000  .000   .1000D-02   .2000D-01
 1.000  .000   .1000D-02   .2000D-01
 1.000  .000   .2000D-02   .2000D-01
 1.000  .000   .8000D-02   .2500D-01
 1.000  .000   .8000D-02   .4000D-01
 1.000  .000   .8000D-02   .2000D+00
   .6430D+02   .4700D+01   .7500D-03   .7000D-01  -.1000D+01
   .1450D+03   .4960D+05   .4000D-01   .7500D+01
   .4000D-06   .1000D+01   .0000D+00
   .0000D+00   .4000D+00   .2100D+01
   .0000D+00   .1500D-07   .2000D-06
   .2100D-04   .1500D-03
 1.000 1.000   .2000D-05   .1000D-09
 1.000 1.000   .6000D-05   .1200D-05
 1.000 1.000   .0000D+00   .4000D-06
 1.000 1.000   .0000D+00   .2000D-06
 1.000 1.000   .1300D-02   .1300D-02
 1.000 1.000   .1500D+00   .1500D+00
 1.000 1.000   .0000D+00   .2000D-07
 1.000 1.000   .0000D+00   .2000D-07
 1.000 1.000   .2000D-05   .2000D-05
 1.000 1.000   .2000D-02   .2000D-02
 1.000 1.000   .1200D-05   .2400D-06
 1.000 1.000   .2000D-05   .2000D-05
    3   12
    2    2   .4000D-08
    2    3   .4000D-08
    3    3   .4000D-08
    2    2   .1561D-07
    2    3   .1561D-07
    3    3   .1561D-07
    1    1   .8000D-09
    1    7   .4000D-09
    7    7   .2000D-09
    3    3   .1500D-07
    3    4  -.1500D-07
    4    4   .1500D-07
    1    1   .4000D-08
    1   12  -.4000D-08
   12   12   .4000D-08
    0  205   .2000D-09
   .1000D-02   .2000D-01   .1000D+00   .1450D+03   .4960D+05
   .1000D-02   .8000D-04   .1000D+00   .3600D-01   .6000D+00
 1.000  .000   .8000D-02   .3000D-01
 1.000  .000   .8000D-02   .4000D-01
 1.000  .000   .5000D-02   .4000D-01
 1.000  .000   .5000D-02   .2000D-01
 1.000  .000   .5000D-02   .3000D-01
 1.000  .000   .5000D-02   .3000D-01
 1.000  .000   .1000D-02   .2000D-01
 1.000  .000   .1000D-02   .2000D-01
 1.000  .000   .2000D-02   .2000D-01
 1.000  .000   .8000D-02   .2500D-01
 1.000  .000   .8000D-02   .4000D-01
 1.000  .000   .8000D-02   .2000D+00
   .6430D+02   .4700D+01   .7500D-03   .7000D-01  -.1000D+01
   .1450D+03   .4960D+05   .4000D-01   .7500D+01
   .4000D-06   .1000D+01   .0000D+00
   .0000D+00   .4000D+00   .2100D+01
   .0000D+00   .1500D-07   .2000D-06
   .2100D-04   .1500D-03
 1.000 1.000   .2000D-05   .1000D-09
 1.000 1.000   .6000D-05   .1200D-05
 1.000 1.000   .0000D+00   .4000D-06
 1.000 1.000   .0000D+00   .2000D-06
 1.000 1.000   .1300D-02   .1300D-02
 1.000 1.000   .1500D+00   .1500D+00
 1.000 1.000   .0000D+00   .2000D-07
 1.000 1.000   .0000D+00   .2000D-07
 1.000 1.000   .2000D-05   .2000D-05
 1.000 1.000   .2000D-02   .2000D-02
 1.000 1.000   .1200D-05   .2400D-06
 1.000 1.000   .2000D-05   .2000D-05
    3   12
    2    2   .4000D-08
    2    3   .4000D-08
    3    3   .4000D-08
    2    2   .1512D-07
    2    3   .1512D-07
    3    3   .1512D-07
    1    1   .8000D-09
    1    7   .4000D-09
    7    7   .2000D-09
    3    3   .1500D-07
    3    4  -.1500D-07
    4    4   .1500D-07
    1    1   .4000D-08
    1   12  -.4000D-08
   12   12   .4000D-08
    0  205   .2000D-09
   .1000D-02   .2000D-01   .1000D+00   .1450D+03   .4960D+05
   .1000D-02   .8000D-04   .1000D+00   .3600D-01   .6000D+00
 1.000  .000   .8000D-02   .3000D-01
 1.000  .000   .8000D-02   .4000D-01
 1.000  .000   .5000D-02   .4000D-01
 1.000  .000   .5000D-02   .2000D-01
 1.000  .000   .5000D-02   .3000D-01
 1.000  .000   .5000D-02   .3000D-01
 1.000  .000   .1000D-02   .2000D-01
 1.000  .000   .1000D-02   .2000D-01
 1.000  .000   .2000D-02   .2000D-01
 1.000  .000   .8000D-02   .2500D-01
 1.000  .000   .8000D-02   .4000D-01
 1.000  .000   .8000D-02   .2000D+00
   .6430D+02   .4700D+01   .7500D-03   .7000D-01  -.1000D+01
   .1450D+03   .4960D+05   .4000D-01   .7500D+01
   .4000D-06   .1000D+01   .0000D+00
   .0000D+00   .4000D+00   .2100D+01
   .0000D+00   .1500D-07   .2000D-06
   .2100D-04   .1500D-03
 1.000 1.000   .2000D-05   .1000D-09
 1.000 1.000   .6000D-05   .1200D-05
 1.000 1.000   .0000D+00   .4000D-06
 1.000 1.000   .0000D+00   .2000D-06
 1.000 1.000   .1300D-02   .1300D-02
 1.000 1.000   .1500D+00   .1500D+00
 1.000 1.000   .0000D+00   .2000D-07
 1.000 1.000   .0000D+00   .2000D-07
 1.000 1.000   .2000D-05   .2000D-05
 1.000 1.000   .2000D-02   .2000D-02
 1.000 1.000   .1200D-05   .2400D-06
 1.000 1.000   .2000D-05   .2000D-05
    3   12
    2    2   .4000D-08
    2    3   .4000D-08
    3    3   .4000D-08
    2    2   .1463D-07
    2    3   .1463D-07
    3    3   .1463D-07
    1    1   .8000D-09
    1    7   .4000D-09
    7    7   .2000D-09
    3    3   .1500D-07
    3    4  -.1500D-07
    4    4   .1500D-07
    1    1   .4000D-08
    1   12  -.4000D-08
   12   12   .4000D-08
    0  205   .2000D-09
   .1000D-02   .2000D-01   .1000D+00   .1450D+03   .4960D+05
   .1000D-02   .8000D-04   .1000D+00   .3600D-01   .6000D+00
 1.000  .000   .8000D-02   .3000D-01
 1.000  .000   .8000D-02   .4000D-01
 1.000  .000   .5000D-02   .4000D-01
 1.000  .000   .5000D-02   .2000D-01
 1.000  .000   .5000D-02   .3000D-01
 1.000  .000   .5000D-02   .3000D-01
 1.000  .000   .1000D-02   .2000D-01
 1.000  .000   .1000D-02   .2000D-01
 1.000  .000   .2000D-02   .2000D-01
 1.000  .000   .8000D-02   .2500D-01
 1.000  .000   .8000D-02   .4000D-01
 1.000  .000   .8000D-02   .2000D+00
   .6430D+02   .4700D+01   .7500D-03   .7000D-01  -.1000D+01
   .1450D+03   .4960D+05   .4000D-01   .7500D+01
   .4000D-06   .1000D+01   .0000D+00
   .0000D+00   .4000D+00   .2100D+01
   .0000D+00   .1500D-07   .2000D-06
   .2100D-04   .1500D-03
 1.000 1.000   .2000D-05   .1000D-09
 1.000 1.000   .6000D-05   .1200D-05
 1.000 1.000   .0000D+00   .4000D-06
 1.000 1.000   .0000D+00   .2000D-06
 1.000 1.000   .1300D-02   .1300D-02
 1.000 1.000   .1500D+00   .1500D+00
 1.000 1.000   .0000D+00   .2000D-07
 1.000 1.000   .0000D+00   .2000D-07
 1.000 1.000   .2000D-05   .2000D-05
 1.000 1.000   .2000D-02   .2000D-02
 1.000 1.000   .1200D-05   .2400D-06
 1.000 1.000   .2000D-05   .2000D-05
    3   12
    2    2   .4000D-08
    2    3   .4000D-08
    3    3   .4000D-08
    2    2   .1415D-07
    2    3   .1415D-07
    3    3   .1415D-07
    1    1   .8000D-09
    1    7   .4000D-09
    7    7   .2000D-09
    3    3   .1500D-07
    3    4  -.1500D-07
    4    4   .1500D-07
    1    1   .4000D-08
    1   12  -.4000D-08
   12   12   .4000D-08
    0  205   .2000D-09
   .1000D-02   .2000D-01   .1000D+00   .1450D+03   .4960D+05
   .1000D-02   .8000D-04   .1000D+00   .3600D-01   .6000D+00
 1.000  .000   .8000D-02   .3000D-01
 1.000  .000   .8000D-02   .4000D-01
 1.000  .000   .5000D-02   .4000D-01
 1.000  .000   .5000D-02   .2000D-01
 1.000  .000   .5000D-02   .3000D-01
 1.000  .000   .5000D-02   .3000D-01
 1.000  .000   .1000D-02   .2000D-01
 1.000  .000   .1000D-02   .2000D-01
 1.000  .000   .2000D-02   .2000D-01
 1.000  .000   .8000D-02   .2500D-01
 1.000  .000   .8000D-02   .4000D-01
 1.000  .000   .8000D-02   .2000D+00
   .6430D+02   .4700D+01   .7500D-03   .7000D-01  -.1000D+01
   .1450D+03   .4960D+05   .4000D-01   .7500D+01
   .4000D-06   .1000D+01   .0000D+00
   .0000D+00   .4000D+00   .2100D+01
   .0000D+00   .1500D-07   .2000D-06
   .2100D-04   .1500D-03
 1.000 1.000   .2000D-05   .1000D-09
 1.000 1.000   .6000D-05   .1200D-05
 1.000 1.000   .0000D+00   .4000D-06
 1.000 1.000   .0000D+00   .2000D-06
 1.000 1.000   .1300D-02   .1300D-02
 1.000 1.000   .1500D+00   .1500D+00
 1.000 1.000   .0000D+00   .2000D-07
 1.000 1.000   .0000D+00   .2000D-07
 1.000 1.000   .2000D-05   .2000D-05
 1.000 1.000   .2000D-02   .2000D-02
 1.000 1.000   .1200D-05   .2400D-06
 1.000 1.000   .2000D-05   .2000D-05
    3   12
    2    2   .4000D-08
    2    3   .4000D-08
    3    3   .4000D-08
    2    2   .1366D-07
    2    3   .1366D-07
    3    3   .1366D-07
    1    1   .8000D-09
    1    7   .4000D-09
    7    7   .2000D-09
    3    3   .1500D-07
    3    4  -.1500D-07
    4    4   .1500D-07
    1    1   .4000D-08
    1   12  -.4000D-08
   12   12   .4000D-08
    0  205   .2000D-09
   .1000D-02   .2000D-01   .1000D+00   .1450D+03   .4960D+05
   .1000D-02   .8000D-04   .1000D+00   .3600D-01   .6000D+00
 1.000  .000   .8000D-02   .3000D-01
 1.000  .000   .8000D-02   .4000D-01
 1.000  .000   .5000D-02   .4000D-01
 1.000  .000   .5000D-02   .2000D-01
 1.000  .000   .5000D-02   .3000D-01
 1.000  .000   .5000D-02   .3000D-01
 1.000  .000   .1000D-02   .2000D-01
 1.000  .000   .1000D-02   .2000D-01
 1.000  .000   .2000D-02   .2000D-01
 1.000  .000   .8000D-02   .2500D-01
 1.000  .000   .8000D-02   .4000D-01
 1.000  .000   .8000D-02   .2000D+00
   .6430D+02   .4700D+01   .7500D-03   .7000D-01  -.1000D+01
   .1450D+03   .4960D+05   .4000D-01   .7500D+01
   .4000D-06   .1000D+01   .0000D+00
   .0000D+00   .4000D+00   .2100D+01
   .0000D+00   .1500D-07   .2000D-06
   .2100D-04   .1500D-03
 1.000 1.000   .2000D-05   .1000D-09
 1.000 1.000   .6000D-05   .1200D-05
 1.000 1.000   .0000D+00   .4000D-06
 1.000 1.000   .0000D+00   .2000D-06
 1.000 1.000   .1300D-02   .1300D-02
 1.000 1.000   .1500D+00   .1500D+00
 1.000 1.000   .0000D+00   .2000D-07
 1.000 1.000   .0000D+00   .2000D-07
 1.000 1.000   .2000D-05   .2000D-05
 1.000 1.000   .2000D-02   .2000D-02
 1.000 1.000   .1200D-05   .2400D-06
 1.000 1.000   .2000D-05   .2000D-05
    3   12
    2    2   .4000D-08
    2    3   .4000D-08
    3    3   .4000D-08
    2    2   .1317D-07
    2    3   .1317D-07
    3    3   .1317D-07
    1    1   .8000D-09
    1    7   .4000D-09
    7    7   .2000D-09
    3    3   .1500D-07
    3    4  -.1500D-07
    4    4   .1500D-07
    1    1   .4000D-08
    1   12  -.4000D-08
   12   12   .4000D-08
    0  205   .2000D-09
   .1000D-02   .2000D-01   .1000D+00   .1450D+03   .4960D+05
   .1000D-02   .8000D-04   .1000D+00   .3600D-01   .6000D+00
 1.000  .000   .8000D-02   .3000D-01
 1.000  .000   .8000D-02   .4000D-01
 1.000  .000   .5000D-02   .4000D-01
 1.000  .000   .5000D-02   .2000D-01
 1.000  .000   .5000D-02   .3000D-01
 1.000  .000   .5000D-02   .3000D-01
 1.000  .000   .1000D-02   .2000D-01
 1.000  .000   .1000D-02   .2000D-01
 1.000  .000   .2000D-02   .2000D-01
 1.000  .000   .8000D-02   .2500D-01
 1.000  .000   .8000D-02   .4000D-01
 1.000  .000   .8000D-02   .2000D+00
   .6430D+02   .4700D+01   .7500D-03   .7000D-01  -.1000D+01
   .1450D+03   .4960D+05   .4000D-01   .7500D+01
   .4000D-06   .1000D+01   .0000D+00
   .0000D+00   .4000D+00   .2100D+01
   .0000D+00   .1500D-07   .2000D-06
   .2100D-04   .1500D-03
 1.000 1.000   .2000D-05   .1000D-09
 1.000 1.000   .6000D-05   .1200D-05
 1.000 1.000   .0000D+00   .4000D-06
 1.000 1.000   .0000D+00   .2000D-06
 1.000 1.000   .1300D-02   .1300D-02
 1.000 1.000   .1500D+00   .1500D+00
 1.000 1.000   .0000D+00   .2000D-07
 1.000 1.000   .0000D+00   .2000D-07
 1.000 1.000   .2000D-05   .2000D-05
 1.000 1.000   .2000D-02   .2000D-02
 1.000 1.000   .1200D-05   .2400D-06
 1.000 1.000   .2000D-05   .2000D-05
    3   12
    2    2   .4000D-08
    2    3   .4000D-08
    3    3   .4000D-08
    2    2   .1268D-07
    2    3   .1268D-07
    3    3   .1268D-07
    1    1   .8000D-09
    1    7   .4000D-09
    7    7   .2000D-09
    3    3   .1500D-07
    3    4  -.1500D-07
    4    4   .1500D-07
    1    1   .4000D-08
    1   12  -.4000D-08
   12   12   .4000D-08
    0  205   .2000D-09
   .1000D-02   .2000D-01   .1000D+00   .1450D+03   .4960D+05
   .1000D-02   .8000D-04   .1000D+00   .3600D-01   .6000D+00
 1.000  .000   .8000D-02   .3000D-01
 1.000  .000   .8000D-02   .4000D-01
 1.000  .000   .5000D-02   .4000D-01
 1.000  .000   .5000D-02   .2000D-01
 1.000  .000   .5000D-02   .3000D-01
 1.000  .000   .5000D-02   .3000D-01
 1.000  .000   .1000D-02   .2000D-01
 1.000  .000   .1000D-02   .2000D-01
 1.000  .000   .2000D-02   .2000D-01
 1.000  .000   .8000D-02   .2500D-01
 1.000  .000   .8000D-02   .4000D-01
 1.000  .000   .8000D-02   .2000D+00
   .6430D+02   .4700D+01   .7500D-03   .7000D-01  -.1000D+01
   .1450D+03   .4960D+05   .4000D-01   .7500D+01
   .4000D-06   .1000D+01   .0000D+00
   .0000D+00   .4000D+00   .2100D+01
   .0000D+00   .1500D-07   .2000D-06
   .2100D-04   .1500D-03
 1.000 1.000   .2000D-05   .1000D-09
 1.000 1.000   .6000D-05   .1200D-05
 1.000 1.000   .0000D+00   .4000D-06
 1.000 1.000   .0000D+00   .2000D-06
 1.000 1.000   .1300D-02   .1300D-02
 1.000 1.000   .1500D+00   .1500D+00
 1.000 1.000   .0000D+00   .2000D-07
 1.000 1.000   .0000D+00   .2000D-07
 1.000 1.000   .2000D-05   .2000D-05
 1.000 1.000   .2000D-02   .2000D-02
 1.000 1.000   .1200D-05   .2400D-06
 1.000 1.000   .2000D-05   .2000D-05
    3   12
    2    2   .4000D-08
    2    3   .4000D-08
    3    3   .4000D-08
    2    2   .1220D-07
    2    3   .1220D-07
    3    3   .1220D-07
    1    1   .8000D-09
    1    7   .4000D-09
    7    7   .2000D-09
    3    3   .1500D-07
    3    4  -.1500D-07
    4    4   .1500D-07
    1    1   .4000D-08
    1   12  -.4000D-08
   12   12   .4000D-08
    0  205   .2000D-09
   .1000D-02   .2000D-01   .1000D+00   .1450D+03   .4960D+05
   .1000D-02   .8000D-04   .1000D+00   .3600D-01   .6000D+00
 1.000  .000   .8000D-02   .3000D-01
 1.000  .000   .8000D-02   .4000D-01
 1.000  .000   .5000D-02   .4000D-01
 1.000  .000   .5000D-02   .2000D-01
 1.000  .000   .5000D-02   .3000D-01
 1.000  .000   .5000D-02   .3000D-01
 1.000  .000   .1000D-02   .2000D-01
 1.000  .000   .1000D-02   .2000D-01
 1.000  .000   .2000D-02   .2000D-01
 1.000  .000   .8000D-02   .2500D-01
 1.000  .000   .8000D-02   .4000D-01
 1.000  .000   .8000D-02   .2000D+00
   .6430D+02   .4700D+01   .7500D-03   .7000D-01  -.1000D+01
   .1450D+03   .4960D+05   .4000D-01   .7500D+01
   .4000D-06   .1000D+01   .0000D+00
   .0000D+00   .4000D+00   .2100D+01
   .0000D+00   .1500D-07   .2000D-06
   .2100D-04   .1500D-03
 1.000 1.000   .2000D-05   .1000D-09
 1.000 1.000   .6000D-05   .1200D-05
 1.000 1.000   .0000D+00   .4000D-06
 1.000 1.000   .0000D+00   .2000D-06
 1.000 1.000   .1300D-02   .1300D-02
 1.000 1.000   .1500D+00   .1500D+00
 1.000 1.000   .0000D+00   .2000D-07
 1.000 1.000   .0000D+00   .2000D-07
 1.000 1.000   .2000D-05   .2000D-05
 1.000 1.000   .2000D-02   .2000D-02
 1.000 1.000   .1200D-05   .2400D-06
 1.000 1.000   .2000D-05   .2000D-05
    3   12
    2    2   .4000D-08
    2    3   .4000D-08
    3    3   .4000D-08
    2    2   .1171D-07
    2    3   .1171D-07
    3    3   .1171D-07
    1    1   .8000D-09
    1    7   .4000D-09
    7    7   .2000D-09
    3    3   .1500D-07
    3    4  -.1500D-07
    4    4   .1500D-07
    1    1   .4000D-08
    1   12  -.4000D-08
   12   12   .4000D-08
    0  205   .2000D-09
   .1000D-02   .2000D-01   .1000D+00   .1450D+03   .4960D+05
   .1000D-02   .8000D-04   .1000D+00   .3600D-01   .6000D+00
 1.000  .000   .8000D-02   .3000D-01
 1.000  .000   .8000D-02   .4000D-01
 1.000  .000   .5000D-02   .4000D-01
 1.000  .000   .5000D-02   .2000D-01
 1.000  .000   .5000D-02   .3000D-01
 1.000  .000   .5000D-02   .3000D-01
 1.000  .000   .1000D-02   .2000D-01
 1.000  .000   .1000D-02   .2000D-01
 1.000  .000   .2000D-02   .2000D-01
 1.000  .000   .8000D-02   .2500D-01
 1.000  .000   .8000D-02   .4000D-01
 1.000  .000   .8000D-02   .2000D+00
   .6430D+02   .4700D+01   .7500D-03   .7000D-01  -.1000D+01
   .1450D+03   .4960D+05   .4000D-01   .7500D+01
   .4000D-06   .1000D+01   .0000D+00
   .0000D+00   .4000D+00   .2100D+01
   .0000D+00   .1500D-07   .2000D-06
   .2100D-04   .1500D-03
 1.000 1.000   .2000D-05   .1000D-09
 1.000 1.000   .6000D-05   .1200D-05
 1.000 1.000   .0000D+00   .4000D-06
 1.000 1.000   .0000D+00   .2000D-06
 1.000 1.000   .1300D-02   .1300D-02
 1.000 1.000   .1500D+00   .1500D+00
 1.000 1.000   .0000D+00   .2000D-07
 1.000 1.000   .0000D+00   .2000D-07
 1.000 1.000   .2000D-05   .2000D-05
 1.000 1.000   .2000D-02   .2000D-02
 1.000 1.000   .1200D-05   .2400D-06
 1.000 1.000   .2000D-05   .2000D-05
    3   12
    2    2   .4000D-08
    2    3   .4000D-08
    3    3   .4000D-08
    2    2   .1122D-07
    2    3   .1122D-07
    3    3   .1122D-07
    1    1   .8000D-09
    1    7   .4000D-09
    7    7   .2000D-09
    3    3   .1500D-07
    3    4  -.1500D-07
    4    4   .1500D-07
    1    1   .4000D-08
    1   12  -.4000D-08
   12   12   .4000D-08
    0  205   .2000D-09
   .1000D-02   .2000D-01   .1000D+00   .1450D+03   .4960D+05
   .1000D-02   .8000D-04   .1000D+00   .3600D-01   .6000D+00
 1.000  .000   .8000D-02   .3000D-01
 1.000  .000   .8000D-02   .4000D-01
 1.000  .000   .5000D-02   .4000D-01
 1.000  .000   .5000D-02   .2000D-01
 1.000  .000   .5000D-02   .3000D-01
 1.000  .000   .5000D-02   .3000D-01
 1.000  .000   .1000D-02   .2000D-01
 1.000  .000   .1000D-02   .2000D-01
 1.000  .000   .2000D-02   .2000D-01
 1.000  .000   .8000D-02   .2500D-01
 1.000  .000   .8000D-02   .4000D-01
 1.000  .000   .8000D-02   .2000D+00
   .6430D+02   .4700D+01   .7500D-03   .7000D-01  -.1000D+01
   .1450D+03   .4960D+05   .4000D-01   .7500D+01
   .4000D-06   .1000D+01   .0000D+00
   .0000D+00   .4000D+00   .2100D+01
   .0000D+00   .1500D-07   .2000D-06
   .2100D-04   .1500D-03
 1.000 1.000   .2000D-05   .1000D-09
 1.000 1.000   .6000D-05   .1200D-05
 1.000 1.000   .0000D+00   .4000D-06
 1.000 1.000   .0000D+00   .2000D-06
 1.000 1.000   .1300D-02   .1300D-02
 1.000 1.000   .1500D+00   .1500D+00
 1.000 1.000   .0000D+00   .2000D-07
 1.000 1.000   .0000D+00   .2000D-07
 1.000 1.000   .2000D-05   .2000D-05
 1.000 1.000   .2000D-02   .2000D-02
 1.000 1.000   .1200D-05   .2400D-06
 1.000 1.000   .2000D-05   .2000D-05
    3   12
    2    2   .4000D-08
    2    3   .4000D-08
    3    3   .4000D-08
    2    2   .1073D-07
    2    3   .1073D-07
    3    3   .1073D-07
    1    1   .8000D-09
    1    7   .4000D-09
    7    7   .2000D-09
    3    3   .1500D-07
    3    4  -.1500D-07
    4    4   .1500D-07
    1    1   .4000D-08
    1   12  -.4000D-08
   12   12   .4000D-08
    0  205   .2000D-09
   .1000D-02   .2000D-01   .1000D+00   .1450D+03   .4960D+05
   .1000D-02   .8000D-04   .1000D+00   .3600D-01   .6000D+00
 1.000  .000   .8000D-02   .3000D-01
 1.000  .000   .8000D-02   .4000D-01
 1.000  .000   .5000D-02   .4000D-01
 1.000  .000   .5000D-02   .2000D-01
 1.000  .000   .5000D-02   .3000D-01
 1.000  .000   .5000D-02   .3000D-01
 1.000  .000   .1000D-02   .2000D-01
 1.000  .000   .1000D-02   .2000D-01
 1.000  .000   .2000D-02   .2000D-01
 1.000  .000   .8000D-02   .2500D-01
 1.000  .000   .8000D-02   .4000D-01
 1.000  .000   .8000D-02   .2000D+00
   .6430D+02   .4700D+01   .7500D-03   .7000D-01  -.1000D+01
   .1450D+03   .4960D+05   .4000D-01   .7500D+01
   .4000D-06   .1000D+01   .0000D+00
   .0000D+00   .4000D+00   .2100D+01
   .0000D+00   .1500D-07   .2000D-06
   .2100D-04   .1500D-03
 1.000 1.000   .2000D-05   .1000D-09
 1.000 1.000   .6000D-05   .1200D-05
 1.000 1.000   .0000D+00   .4000D-06
 1.000 1.000   .0000D+00   .2000D-06
 1.000 1.000   .1300D-02   .1300D-02
 1.000 1.000   .1500D+00   .1500D+00
 1.000 1.000   .0000D+00   .2000D-07
 1.000 1.000   .0000D+00   .2000D-07
 1.000 1.000   .2000D-05   .2000D-05
 1.000 1.000   .2000D-02   .2000D-02
 1.000 1.000   .1200D-05   .2400D-06
 1.000 1.000   .2000D-05   .2000D-05
    3   12
    2    2   .4000D-08
    2    3   .4000D-08
    3    3   .4000D-08
    2    2   .1024D-07
    2    3   .1024D-07
    3    3   .1024D-07
    1    1   .8000D-09
    1    7   .4000D-09
    7    7   .2000D-09
    3    3   .1500D-07
    3    4  -.1500D-07
    4    4   .1500D-07
    1    1   .4000D-08
    1   12  -.4000D-08
   12   12   .4000D-08
    0  205   .2000D-09
   .1000D-02   .2000D-01   .1000D+00   .1450D+03   .4960D+05
   .1000D-02   .8000D-04   .1000D+00   .3600D-01   .6000D+00
 1.000  .000   .8000D-02   .3000D-01
 1.000  .000   .8000D-02   .4000D-01
 1.000  .000   .5000D-02   .4000D-01
 1.000  .000   .5000D-02   .2000D-01
 1.000  .000   .5000D-02   .3000D-01
 1.000  .000   .5000D-02   .3000D-01
 1.000  .000   .1000D-02   .2000D-01
 1.000  .000   .1000D-02   .2000D-01
 1.000  .000   .2000D-02   .2000D-01
 1.000  .000   .8000D-02   .2500D-01
 1.000  .000   .8000D-02   .4000D-01
 1.000  .000   .8000D-02   .2000D+00
   .6430D+02   .4700D+01   .7500D-03   .7000D-01  -.1000D+01
   .1450D+03   .4960D+05   .4000D-01   .7500D+01
   .4000D-06   .1000D+01   .0000D+00
   .0000D+00   .4000D+00   .2100D+01
   .0000D+00   .1500D-07   .2000D-06
   .2100D-04   .1500D-03
 1.000 1.000   .2000D-05   .1000D-09
 1.000 1.000   .6000D-05   .1200D-05
 1.000 1.000   .0000D+00   .4000D-06
 1.000 1.000   .0000D+00   .2000D-06
 1.000 1.000   .1300D-02   .1300D-02
 1.000 1.000   .1500D+00   .1500D+00
 1.000 1.000   .0000D+00   .2000D-07
 1.000 1.000   .0000D+00   .2000D-07
 1.000 1.000   .2000D-05   .2000D-05
 1.000 1.000   .2000D-02   .2000D-02
 1.000 1.000   .1200D-05   .2400D-06
 1.000 1.000   .2000D-05   .2000D-05
    3   12
    2    2   .4000D-08
    2    3   .4000D-08
    3    3   .4000D-08
    2    2   .9756D-08
    2    3   .9756D-08
    3    3   .9756D-08
    1    1   .8000D-09
    1    7   .4000D-09
    7    7   .2000D-09
    3    3   .1500D-07
    3    4  -.1500D-07
    4    4   .1500D-07
    1    1   .4000D-08
    1   12  -.4000D-08
   12   12   .4000D-08
    0  205   .2000D-09
   .1000D-02   .2000D-01   .1000D+00   .1450D+03   .4960D+05
   .1000D-02   .8000D-04   .1000D+00   .3600D-01   .6000D+00
 1.000  .000   .8000D-02   .3000D-01
 1.000  .000   .8000D-02   .4000D-01
 1.000  .000   .5000D-02   .4000D-01
 1.000  .000   .5000D-02   .2000D-01
 1.000  .000   .5000D-02   .3000D-01
 1.000  .000   .5000D-02   .3000D-01
 1.000  .000   .1000D-02   .2000D-01
 1.000  .000   .1000D-02   .2000D-01
 1.000  .000   .2000D-02   .2000D-01
 1.000  .000   .8000D-02   .2500D-01
 1.000  .000   .8000D-02   .4000D-01
 1.000  .000   .8000D-02   .2000D+00
   .6430D+02   .4700D+01   .7500D-03   .7000D-01  -.1000D+01
   .1450D+03   .4960D+05   .4000D-01   .7500D+01
   .4000D-06   .1000D+01   .0000D+00
   .0000D+00   .4000D+00   .2100D+01
   .0000D+00   .1500D-07   .2000D-06
   .2100D-04   .1500D-03
 1.000 1.000   .2000D-05   .1000D-09
 1.000 1.000   .6000D-05   .1200D-05
 1.000 1.000   .0000D+00   .4000D-06
 1.000 1.000   .0000D+00   .2000D-06
 1.000 1.000   .1300D-02   .1300D-02
 1.000 1.000   .1500D+00   .1500D+00
 1.000 1.000   .0000D+00   .2000D-07
 1.000 1.000   .0000D+00   .2000D-07
 1.000 1.000   .2000D-05   .2000D-05
 1.000 1.000   .2000D-02   .2000D-02
 1.000 1.000   .1200D-05   .2400D-06
 1.000 1.000   .2000D-05   .2000D-05
    3   12
    2    2   .4000D-08
    2    3   .4000D-08
    3    3   .4000D-08
    2    2   .9268D-08
    2    3   .9268D-08
    3    3   .9268D-08
    1    1   .8000D-09
    1    7   .4000D-09
    7    7   .2000D-09
    3    3   .1500D-07
    3    4  -.1500D-07
    4    4   .1500D-07
    1    1   .4000D-08
    1   12  -.4000D-08
   12   12   .4000D-08
    0  205   .2000D-09
   .1000D-02   .2000D-01   .1000D+00   .1450D+03   .4960D+05
   .1000D-02   .8000D-04   .1000D+00   .3600D-01   .6000D+00
 1.000  .000   .8000D-02   .3000D-01
 1.000  .000   .8000D-02   .4000D-01
 1.000  .000   .5000D-02   .4000D-01
 1.000  .000   .5000D-02   .2000D-01
 1.000  .000   .5000D-02   .3000D-01
 1.000  .000   .5000D-02   .3000D-01
 1.000  .000   .1000D-02   .2000D-01
 1.000  .000   .1000D-02   .2000D-01
 1.000  .000   .2000D-02   .2000D-01
 1.000  .000   .8000D-02   .2500D-01
 1.000  .000   .8000D-02   .4000D-01
 1.000  .000   .8000D-02   .2000D+00
   .6430D+02   .4700D+01   .7500D-03   .7000D-01  -.1000D+01
   .1450D+03   .4960D+05   .4000D-01   .7500D+01
   .4000D-06   .1000D+01   .0000D+00
   .0000D+00   .4000D+00   .2100D+01
   .0000D+00   .1500D-07   .2000D-06
   .2100D-04   .1500D-03
 1.000 1.000   .2000D-05   .1000D-09
 1.000 1.000   .6000D-05   .1200D-05
 1.000 1.000   .0000D+00   .4000D-06
 1.000 1.000   .0000D+00   .2000D-06
 1.000 1.000   .1300D-02   .1300D-02
 1.000 1.000   .1500D+00   .1500D+00
 1.000 1.000   .0000D+00   .2000D-07
 1.000 1.000   .0000D+00   .2000D-07
 1.000 1.000   .2000D-05   .2000D-05
 1.000 1.000   .2000D-02   .2000D-02
 1.000 1.000   .1200D-05   .2400D-06
 1.000 1.000   .2000D-05   .2000D-05
    3   12
    2    2   .4000D-08
    2    3   .4000D-08
    3    3   .4000D-08
    2    2   .8780D-08
    2    3   .8780D-08
    3    3   .8780D-08
    1    1   .8000D-09
    1    7   .4000D-09
    7    7   .2000D-09
    3    3   .1500D-07
    3    4  -.1500D-07
    4    4   .1500D-07
    1    1   .4000D-08
    1   12  -.4000D-08
   12   12   .4000D-08
    0  205   .2000D-09
   .1000D-02   .2000D-01   .1000D+00   .1450D+03   .4960D+05
   .1000D-02   .8000D-04   .1000D+00   .3600D-01   .6000D+00
 1.000  .000   .8000D-02   .3000D-01
 1.000  .000   .8000D-02   .4000D-01
 1.000  .000   .5000D-02   .4000D-01
 1.000  .000   .5000D-02   .2000D-01
 1.000  .000   .5000D-02   .3000D-01
 1.000  .000   .5000D-02   .3000D-01
 1.000  .000   .1000D-02   .2000D-01
 1.000  .000   .1000D-02   .2000D-01
 1.000  .000   .2000D-02   .2000D-01
 1.000  .000   .8000D-02   .2500D-01
 1.000  .000   .8000D-02   .4000D-01
 1.000  .000   .8000D-02   .2000D+00
   .6430D+02   .4700D+01   .7500D-03   .7000D-01  -.1000D+01
   .1450D+03   .4960D+05   .4000D-01   .7500D+01
   .4000D-06   .1000D+01   .0000D+00
   .0000D+00   .4000D+00   .2100D+01
   .0000D+00   .1500D-07   .2000D-06
   .2100D-04   .1500D-03
 1.000 1.000   .2000D-05   .1000D-09
 1.000 1.000   .6000D-05   .1200D-05
 1.000 1.000   .0000D+00   .4000D-06
 1.000 1.000   .0000D+00   .2000D-06
 1.000 1.000   .1300D-02   .1300D-02
 1.000 1.000   .1500D+00   .1500D+00
 1.000 1.000   .0000D+00   .2000D-07
 1.000 1.000   .0000D+00   .2000D-07
 1.000 1.000   .2000D-05   .2000D-05
 1.000 1.000   .2000D-02   .2000D-02
 1.000 1.000   .1200D-05   .2400D-06
 1.000 1.000   .2000D-05   .2000D-05
    3   12
    2    2   .4000D-08
    2    3   .4000D-08
    3    3   .4000D-08
    2    2   .8293D-08
    2    3   .8293D-08
    3    3   .8293D-08
    1    1   .8000D-09
    1    7   .4000D-09
    7    7   .2000D-09
    3    3   .1500D-07
    3    4  -.1500D-07
    4    4   .1500D-07
    1    1   .4000D-08
    1   12  -.4000D-08
   12   12   .4000D-08
    0  205   .2000D-09
   .1000D-02   .2000D-01   .1000D+00   .1450D+03   .4960D+05
   .1000D-02   .8000D-04   .1000D+00   .3600D-01   .6000D+00
 1.000  .000   .8000D-02   .3000D-01
 1.000  .000   .8000D-02   .4000D-01
 1.000  .000   .5000D-02   .4000D-01
 1.000  .000   .5000D-02   .2000D-01
 1.000  .000   .5000D-02   .3000D-01
 1.000  .000   .5000D-02   .3000D-01
 1.000  .000   .1000D-02   .2000D-01
 1.000  .000   .1000D-02   .2000D-01
 1.000  .000   .2000D-02   .2000D-01
 1.000  .000   .8000D-02   .2500D-01
 1.000  .000   .8000D-02   .4000D-01
 1.000  .000   .8000D-02   .2000D+00
   .6430D+02   .4700D+01   .7500D-03   .7000D-01  -.1000D+01
   .1450D+03   .4960D+05   .4000D-01   .7500D+01
   .4000D-06   .1000D+01   .0000D+00
   .0000D+00   .4000D+00   .2100D+01
   .0000D+00   .1500D-07   .2000D-06
   .2100D-04   .1500D-03
 1.000 1.000   .2000D-05   .1000D-09
 1.000 1.000   .6000D-05   .1200D-05
 1.000 1.000   .0000D+00   .4000D-06
 1.000 1.000   .0000D+00   .2000D-06
 1.000 1.000   .1300D-02   .1300D-02
 1.000 1.000   .1500D+00   .1500D+00
 1.000 1.000   .0000D+00   .2000D-07
 1.000 1.000   .0000D+00   .2000D-07
 1.000 1.000   .2000D-05   .2000D-05
 1.000 1.000   .2000D-02   .2000D-02
 1.000 1.000   .1200D-05   .2400D-06
 1.000 1.000   .2000D-05   .2000D-05
    3   12
    2    2   .4000D-08
    2    3   .4000D-08
    3    3   .4000D-08
    2    2   .7805D-08
    2    3   .7805D-08
    3    3   .7805D-08
    1    1   .8000D-09
    1    7   .4000D-09
    7    7   .2000D-09
    3    3   .1500D-07
    3    4  -.1500D-07
    4    4   .1500D-07
    1    1   .4000D-08
    1   12  -.4000D-08
   12   12   .4000D-08
    0  205   .2000D-09
   .1000D-02   .2000D-01   .1000D+00   .1450D+03   .4960D+05
   .1000D-02   .8000D-04   .1000D+00   .3600D-01   .6000D+00
 1.000  .000   .8000D-02   .3000D-01
 1.000  .000   .8000D-02   .4000D-01
 1.000  .000   .5000D-02   .4000D-01
 1.000  .000   .5000D-02   .2000D-01
 1.000  .000   .5000D-02   .3000D-01
 1.000  .000   .5000D-02   .3000D-01
 1.000  .000   .1000D-02   .2000D-01
 1.000  .000   .1000D-02   .2000D-01
 1.000  .000   .2000D-02   .2000D-01
 1.000  .000   .8000D-02   .2500D-01
 1.000  .000   .8000D-02   .4000D-01
 1.000  .000   .8000D-02   .2000D+00
   .6430D+02   .4700D+01   .7500D-03   .7000D-01  -.1000D+01
   .1450D+03   .4960D+05   .4000D-01   .7500D+01
   .4000D-06   .1000D+01   .0000D+00
   .0000D+00   .4000D+00   .2100D+01
   .0000D+00   .1500D-07   .2000D-06
   .2100D-04   .1500D-03
 1.000 1.000   .2000D-05   .1000D-09
 1.000 1.000   .6000D-05   .1200D-05
 1.000 1.000   .0000D+00   .4000D-06
 1.000 1.000   .0000D+00   .2000D-06
 1.000 1.000   .1300D-02   .1300D-02
 1.000 1.000   .1500D+00   .1500D+00
 1.000 1.000   .0000D+00   .2000D-07
 1.000 1.000   .0000D+00   .2000D-07
 1.000 1.000   .2000D-05   .2000D-05
 1.000 1.000   .2000D-02   .2000D-02
 1.000 1.000   .1200D-05   .2400D-06
 1.000 1.000   .2000D-05   .2000D-05
    3   12
    2    2   .4000D-08
    2    3   .4000D-08
    3    3   .4000D-08
    2    2   .7317D-08
    2    3   .7317D-08
    3    3   .7317D-08
    1    1   .8000D-09
    1    7   .4000D-09
    7    7   .2000D-09
    3    3   .1500D-07
    3    4  -.1500D-07
    4    4   .1500D-07
    1    1   .4000D-08
    1   12  -.4000D-08
   12   12   .4000D-08
    0  205   .2000D-09
   .1000D-02   .2000D-01   .1000D+00   .1450D+03   .4960D+05
   .1000D-02   .8000D-04   .1000D+00   .3600D-01   .6000D+00
 1.000  .000   .8000D-02   .3000D-01
 1.000  .000   .8000D-02   .4000D-01
 1.000  .000   .5000D-02   .4000D-01
 1.000  .000   .5000D-02   .2000D-01
 1.000  .000   .5000D-02   .3000D-01
 1.000  .000   .5000D-02   .3000D-01
 1.000  .000   .1000D-02   .2000D-01
 1.000  .000   .1000D-02   .2000D-01
 1.000  .000   .2000D-02   .2000D-01
 1.000  .000   .8000D-02   .2500D-01
 1.000  .000   .8000D-02   .4000D-01
 1.000  .000   .8000D-02   .2000D+00
   .6430D+02   .4700D+01   .7500D-03   .7000D-01  -.1000D+01
   .1450D+03   .4960D+05   .4000D-01   .7500D+01
   .4000D-06   .1000D+01   .0000D+00
   .0000D+00   .4000D+00   .2100D+01
   .0000D+00   .1500D-07   .2000D-06
   .2100D-04   .1500D-03
 1.000 1.000   .2000D-05   .1000D-09
 1.000 1.000   .6000D-05   .1200D-05
 1.000 1.000   .0000D+00   .4000D-06
 1.000 1.000   .0000D+00   .2000D-06
 1.000 1.000   .1300D-02   .1300D-02
 1.000 1.000   .1500D+00   .1500D+00
 1.000 1.000   .0000D+00   .2000D-07
 1.000 1.000   .0000D+00   .2000D-07
 1.000 1.000   .2000D-05   .2000D-05
 1.000 1.000   .2000D-02   .2000D-02
 1.000 1.000   .1200D-05   .2400D-06
 1.000 1.000   .2000D-05   .2000D-05
    3   12
    2    2   .4000D-08
    2    3   .4000D-08
    3    3   .4000D-08
    2    2   .6829D-08
    2    3   .6829D-08
    3    3   .6829D-08
    1    1   .8000D-09
    1    7   .4000D-09
    7    7   .2000D-09
    3    3   .1500D-07
    3    4  -.1500D-07
    4    4   .1500D-07
    1    1   .4000D-08
    1   12  -.4000D-08
   12   12   .4000D-08
    0  205   .2000D-09
   .1000D-02   .2000D-01   .1000D+00   .1450D+03   .4960D+05
   .1000D-02   .8000D-04   .1000D+00   .3600D-01   .6000D+00
 1.000  .000   .8000D-02   .3000D-01
 1.000  .000   .8000D-02   .4000D-01
 1.000  .000   .5000D-02   .4000D-01
 1.000  .000   .5000D-02   .2000D-01
 1.000  .000   .5000D-02   .3000D-01
 1.000  .000   .5000D-02   .3000D-01
 1.000  .000   .1000D-02   .2000D-01
 1.000  .000   .1000D-02   .2000D-01
 1.000  .000   .2000D-02   .2000D-01
 1.000  .000   .8000D-02   .2500D-01
 1.000  .000   .8000D-02   .4000D-01
 1.000  .000   .8000D-02   .2000D+00
   .6430D+02   .4700D+01   .7500D-03   .7000D-01  -.1000D+01
   .1450D+03   .4960D+05   .4000D-01   .7500D+01
   .4000D-06   .1000D+01   .0000D+00
   .0000D+00   .4000D+00   .2100D+01
   .0000D+00   .1500D-07   .2000D-06
   .2100D-04   .1500D-03
 1.000 1.000   .2000D-05   .1000D-09
 1.000 1.000   .6000D-05   .1200D-05
 1.000 1.000   .0000D+00   .4000D-06
 1.000 1.000   .0000D+00   .2000D-06
 1.000 1.000   .1300D-02   .1300D-02
 1.000 1.000   .1500D+00   .1500D+00
 1.000 1.000   .0000D+00   .2000D-07
 1.000 1.000   .0000D+00   .2000D-07
 1.000 1.000   .2000D-05   .2000D-05
 1.000 1.000   .2000D-02   .2000D-02
 1.000 1.000   .1200D-05   .2400D-06
 1.000 1.000   .2000D-05   .2000D-05
    3   12
    2    2   .4000D-08
    2    3   .4000D-08
    3    3   .4000D-08
    2    2   .6341D-08
    2    3   .6341D-08
    3    3   .6341D-08
    1    1   .8000D-09
    1    7   .4000D-09
    7    7   .2000D-09
    3    3   .1500D-07
    3    4  -.1500D-07
    4    4   .1500D-07
    1    1   .4000D-08
    1   12  -.4000D-08
   12   12   .4000D-08
    0  205   .2000D-09
   .1000D-02   .2000D-01   .1000D+00   .1450D+03   .4960D+05
   .1000D-02   .8000D-04   .1000D+00   .3600D-01   .6000D+00
 1.000  .000   .8000D-02   .3000D-01
 1.000  .000   .8000D-02   .4000D-01
 1.000  .000   .5000D-02   .4000D-01
 1.000  .000   .5000D-02   .2000D-01
 1.000  .000   .5000D-02   .3000D-01
 1.000  .000   .5000D-02   .3000D-01
 1.000  .000   .1000D-02   .2000D-01
 1.000  .000   .1000D-02   .2000D-01
 1.000  .000   .2000D-02   .2000D-01
 1.000  .000   .8000D-02   .2500D-01
 1.000  .000   .8000D-02   .4000D-01
 1.000  .000   .8000D-02   .2000D+00
   .6430D+02   .4700D+01   .7500D-03   .7000D-01  -.1000D+01
   .1450D+03   .4960D+05   .4000D-01   .7500D+01
   .4000D-06   .1000D+01   .0000D+00
   .0000D+00   .4000D+00   .2100D+01
   .0000D+00   .1500D-07   .2000D-06
   .2100D-04   .1500D-03
 1.000 1.000   .2000D-05   .1000D-09
 1.000 1.000   .6000D-05   .1200D-05
 1.000 1.000   .0000D+00   .4000D-06
 1.000 1.000   .0000D+00   .2000D-06
 1.000 1.000   .1300D-02   .1300D-02
 1.000 1.000   .1500D+00   .1500D+00
 1.000 1.000   .0000D+00   .2000D-07
 1.000 1.000   .0000D+00   .2000D-07
 1.000 1.000   .2000D-05   .2000D-05
 1.000 1.000   .2000D-02   .2000D-02
 1.000 1.000   .1200D-05   .2400D-06
 1.000 1.000   .2000D-05   .2000D-05
    3   12
    2    2   .4000D-08
    2    3   .4000D-08
    3    3   .4000D-08
    2    2   .5854D-08
    2    3   .5854D-08
    3    3   .5854D-08
    1    1   .8000D-09
    1    7   .4000D-09
    7    7   .2000D-09
    3    3   .1500D-07
    3    4  -.1500D-07
    4    4   .1500D-07
    1    1   .4000D-08
    1   12  -.4000D-08
   12   12   .4000D-08
    0  205   .2000D-09
   .1000D-02   .2000D-01   .1000D+00   .1450D+03   .4960D+05
   .1000D-02   .8000D-04   .1000D+00   .3600D-01   .6000D+00
 1.000  .000   .8000D-02   .3000D-01
 1.000  .000   .8000D-02   .4000D-01
 1.000  .000   .5000D-02   .4000D-01
 1.000  .000   .5000D-02   .2000D-01
 1.000  .000   .5000D-02   .3000D-01
 1.000  .000   .5000D-02   .3000D-01
 1.000  .000   .1000D-02   .2000D-01
 1.000  .000   .1000D-02   .2000D-01
 1.000  .000   .2000D-02   .2000D-01
 1.000  .000   .8000D-02   .2500D-01
 1.000  .000   .8000D-02   .4000D-01
 1.000  .000   .8000D-02   .2000D+00
   .6430D+02   .4700D+01   .7500D-03   .7000D-01  -.1000D+01
   .1450D+03   .4960D+05   .4000D-01   .7500D+01
   .4000D-06   .1000D+01   .0000D+00
   .0000D+00   .4000D+00   .2100D+01
   .0000D+00   .1500D-07   .2000D-06
   .2100D-04   .1500D-03
 1.000 1.000   .2000D-05   .1000D-09
 1.000 1.000   .6000D-05   .1200D-05
 1.000 1.000   .0000D+00   .4000D-06
 1.000 1.000   .0000D+00   .2000D-06
 1.000 1.000   .1300D-02   .1300D-02
 1.000 1.000   .1500D+00   .1500D+00
 1.000 1.000   .0000D+00   .2000D-07
 1.000 1.000   .0000D+00   .2000D-07
 1.000 1.000   .2000D-05   .2000D-05
 1.000 1.000   .2000D-02   .2000D-02
 1.000 1.000   .1200D-05   .2400D-06
 1.000 1.000   .2000D-05   .2000D-05
    3   12
    2    2   .4000D-08
    2    3   .4000D-08
    3    3   .4000D-08
    2    2   .5366D-08
    2    3   .5366D-08
    3    3   .5366D-08
    1    1   .8000D-09
    1    7   .4000D-09
    7    7   .2000D-09
    3    3   .1500D-07
    3    4  -.1500D-07
    4    4   .1500D-07
    1    1   .4000D-08
    1   12  -.4000D-08
   12   12   .4000D-08
    0  205   .2000D-09
   .1000D-02   .2000D-01   .1000D+00   .1450D+03   .4960D+05
   .1000D-02   .8000D-04   .1000D+00   .3600D-01   .6000D+00
 1.000  .000   .8000D-02   .3000D-01
 1.000  .000   .8000D-02   .4000D-01
 1.000  .000   .5000D-02   .4000D-01
 1.000  .000   .5000D-02   .2000D-01
 1.000  .000   .5000D-02   .3000D-01
 1.000  .000   .5000D-02   .3000D-01
 1.000  .000   .1000D-02   .2000D-01
 1.000  .000   .1000D-02   .2000D-01
 1.000  .000   .2000D-02   .2000D-01
 1.000  .000   .8000D-02   .2500D-01
 1.000  .000   .8000D-02   .4000D-01
 1.000  .000   .8000D-02   .2000D+00
   .6430D+02   .4700D+01   .7500D-03   .7000D-01  -.1000D+01
   .1450D+03   .4960D+05   .4000D-01   .7500D+01
   .4000D-06   .1000D+01   .0000D+00
   .0000D+00   .4000D+00   .2100D+01
   .0000D+00   .1500D-07   .2000D-06
   .2100D-04   .1500D-03
 1.000 1.000   .2000D-05   .1000D-09
 1.000 1.000   .6000D-05   .1200D-05
 1.000 1.000   .0000D+00   .4000D-06
 1.000 1.000   .0000D+00   .2000D-06
 1.000 1.000   .1300D-02   .1300D-02
 1.000 1.000   .1500D+00   .1500D+00
 1.000 1.000   .0000D+00   .2000D-07
 1.000 1.000   .0000D+00   .2000D-07
 1.000 1.000   .2000D-05   .2000D-05
 1.000 1.000   .2000D-02   .2000D-02
 1.000 1.000   .1200D-05   .2400D-06
 1.000 1.000   .2000D-05   .2000D-05
    3   12
    2    2   .4000D-08
    2    3   .4000D-08
    3    3   .4000D-08
    2    2   .4878D-08
    2    3   .4878D-08
    3    3   .4878D-08
    1    1   .8000D-09
    1    7   .4000D-09
    7    7   .2000D-09
    3    3   .1500D-07
    3    4  -.1500D-07
    4    4   .1500D-07
    1    1   .4000D-08
    1   12  -.4000D-08
   12   12   .4000D-08
    0  205   .2000D-09
   .1000D-02   .2000D-01   .1000D+00   .1450D+03   .4960D+05
   .1000D-02   .8000D-04   .1000D+00   .3600D-01   .6000D+00
 1.000  .000   .8000D-02   .3000D-01
 1.000  .000   .8000D-02   .4000D-01
 1.000  .000   .5000D-02   .4000D-01
 1.000  .000   .5000D-02   .2000D-01
 1.000  .000   .5000D-02   .3000D-01
 1.000  .000   .5000D-02   .3000D-01
 1.000  .000   .1000D-02   .2000D-01
 1.000  .000   .1000D-02   .2000D-01
 1.000  .000   .2000D-02   .2000D-01
 1.000  .000   .8000D-02   .2500D-01
 1.000  .000   .8000D-02   .4000D-01
 1.000  .000   .8000D-02   .2000D+00
   .6430D+02   .4700D+01   .7500D-03   .7000D-01  -.1000D+01
   .1450D+03   .4960D+05   .4000D-01   .7500D+01
   .4000D-06   .1000D+01   .0000D+00
   .0000D+00   .4000D+00   .2100D+01
   .0000D+00   .1500D-07   .2000D-06
   .2100D-04   .1500D-03
 1.000 1.000   .2000D-05   .1000D-09
 1.000 1.000   .6000D-05   .1200D-05
 1.000 1.000   .0000D+00   .4000D-06
 1.000 1.000   .0000D+00   .2000D-06
 1.000 1.000   .1300D-02   .1300D-02
 1.000 1.000   .1500D+00   .1500D+00
 1.000 1.000   .0000D+00   .2000D-07
 1.000 1.000   .0000D+00   .2000D-07
 1.000 1.000   .2000D-05   .2000D-05
 1.000 1.000   .2000D-02   .2000D-02
 1.000 1.000   .1200D-05   .2400D-06
 1.000 1.000   .2000D-05   .2000D-05
    3   12
    2    2   .4000D-08
    2    3   .4000D-08
    3    3   .4000D-08
    2    2   .4390D-08
    2    3   .4390D-08
    3    3   .4390D-08
    1    1   .8000D-09
    1    7   .4000D-09
    7    7   .2000D-09
    3    3   .1500D-07
    3    4  -.1500D-07
    4    4   .1500D-07
    1    1   .4000D-08
    1   12  -.4000D-08
   12   12   .4000D-08
    0  205   .2000D-09
   .1000D-02   .2000D-01   .1000D+00   .1450D+03   .4960D+05
   .1000D-02   .8000D-04   .1000D+00   .3600D-01   .6000D+00
 1.000  .000   .8000D-02   .3000D-01
 1.000  .000   .8000D-02   .4000D-01
 1.000  .000   .5000D-02   .4000D-01
 1.000  .000   .5000D-02   .2000D-01
 1.000  .000   .5000D-02   .3000D-01
 1.000  .000   .5000D-02   .3000D-01
 1.000  .000   .1000D-02   .2000D-01
 1.000  .000   .1000D-02   .2000D-01
 1.000  .000   .2000D-02   .2000D-01
 1.000  .000   .8000D-02   .2500D-01
 1.000  .000   .8000D-02   .4000D-01
 1.000  .000   .8000D-02   .2000D+00
   .6430D+02   .4700D+01   .7500D-03   .7000D-01  -.1000D+01
   .1450D+03   .4960D+05   .4000D-01   .7500D+01
   .4000D-06   .1000D+01   .0000D+00
   .0000D+00   .4000D+00   .2100D+01
   .0000D+00   .1500D-07   .2000D-06
   .2100D-04   .1500D-03
 1.000 1.000   .2000D-05   .1000D-09
 1.000 1.000   .6000D-05   .1200D-05
 1.000 1.000   .0000D+00   .4000D-06
 1.000 1.000   .0000D+00   .2000D-06
 1.000 1.000   .1300D-02   .1300D-02
 1.000 1.000   .1500D+00   .1500D+00
 1.000 1.000   .0000D+00   .2000D-07
 1.000 1.000   .0000D+00   .2000D-07
 1.000 1.000   .2000D-05   .2000D-05
 1.000 1.000   .2000D-02   .2000D-02
 1.000 1.000   .1200D-05   .2400D-06
 1.000 1.000   .2000D-05   .2000D-05
    3   12
    2    2   .4000D-08
    2    3   .4000D-08
    3    3   .4000D-08
    2    2   .3902D-08
    2    3   .3902D-08
    3    3   .3902D-08
    1    1   .8000D-09
    1    7   .4000D-09
    7    7   .2000D-09
    3    3   .1500D-07
    3    4  -.1500D-07
    4    4   .1500D-07
    1    1   .4000D-08
    1   12  -.4000D-08
   12   12   .4000D-08
    0  205   .2000D-09
   .1000D-02   .2000D-01   .1000D+00   .1450D+03   .4960D+05
   .1000D-02   .8000D-04   .1000D+00   .3600D-01   .6000D+00
 1.000  .000   .8000D-02   .3000D-01
 1.000  .000   .8000D-02   .4000D-01
 1.000  .000   .5000D-02   .4000D-01
 1.000  .000   .5000D-02   .2000D-01
 1.000  .000   .5000D-02   .3000D-01
 1.000  .000   .5000D-02   .3000D-01
 1.000  .000   .1000D-02   .2000D-01
 1.000  .000   .1000D-02   .2000D-01
 1.000  .000   .2000D-02   .2000D-01
 1.000  .000   .8000D-02   .2500D-01
 1.000  .000   .8000D-02   .4000D-01
 1.000  .000   .8000D-02   .2000D+00
   .6430D+02   .4700D+01   .7500D-03   .7000D-01  -.1000D+01
   .1450D+03   .4960D+05   .4000D-01   .7500D+01
   .4000D-06   .1000D+01   .0000D+00
   .0000D+00   .4000D+00   .2100D+01
   .0000D+00   .1500D-07   .2000D-06
   .2100D-04   .1500D-03
 1.000 1.000   .2000D-05   .1000D-09
 1.000 1.000   .6000D-05   .1200D-05
 1.000 1.000   .0000D+00   .4000D-06
 1.000 1.000   .0000D+00   .2000D-06
 1.000 1.000   .1300D-02   .1300D-02
 1.000 1.000   .1500D+00   .1500D+00
 1.000 1.000   .0000D+00   .2000D-07
 1.000 1.000   .0000D+00   .2000D-07
 1.000 1.000   .2000D-05   .2000D-05
 1.000 1.000   .2000D-02   .2000D-02
 1.000 1.000   .1200D-05   .2400D-06
 1.000 1.000   .2000D-05   .2000D-05
    3   12
    2    2   .4000D-08
    2    3   .4000D-08
    3    3   .4000D-08
    2    2   .3415D-08
    2    3   .3415D-08
    3    3   .3415D-08
    1    1   .8000D-09
    1    7   .4000D-09
    7    7   .2000D-09
    3    3   .1500D-07
    3    4  -.1500D-07
    4    4   .1500D-07
    1    1   .4000D-08
    1   12  -.4000D-08
   12   12   .4000D-08
    0  205   .2000D-09
   .1000D-02   .2000D-01   .1000D+00   .1450D+03   .4960D+05
   .1000D-02   .8000D-04   .1000D+00   .3600D-01   .6000D+00
 1.000  .000   .8000D-02   .3000D-01
 1.000  .000   .8000D-02   .4000D-01
 1.000  .000   .5000D-02   .4000D-01
 1.000  .000   .5000D-02   .2000D-01
 1.000  .000   .5000D-02   .3000D-01
 1.000  .000   .5000D-02   .3000D-01
 1.000  .000   .1000D-02   .2000D-01
 1.000  .000   .1000D-02   .2000D-01
 1.000  .000   .2000D-02   .2000D-01
 1.000  .000   .8000D-02   .2500D-01
 1.000  .000   .8000D-02   .4000D-01
 1.000  .000   .8000D-02   .2000D+00
   .6430D+02   .4700D+01   .7500D-03   .7000D-01  -.1000D+01
   .1450D+03   .4960D+05   .4000D-01   .7500D+01
   .4000D-06   .1000D+01   .0000D+00
   .0000D+00   .4000D+00   .2100D+01
   .0000D+00   .1500D-07   .2000D-06
   .2100D-04   .1500D-03
 1.000 1.000   .2000D-05   .1000D-09
 1.000 1.000   .6000D-05   .1200D-05
 1.000 1.000   .0000D+00   .4000D-06
 1.000 1.000   .0000D+00   .2000D-06
 1.000 1.000   .1300D-02   .1300D-02
 1.000 1.000   .1500D+00   .1500D+00
 1.000 1.000   .0000D+00   .2000D-07
 1.000 1.000   .0000D+00   .2000D-07
 1.000 1.000   .2000D-05   .2000D-05
 1.000 1.000   .2000D-02   .2000D-02
 1.000 1.000   .1200D-05   .2400D-06
 1.000 1.000   .2000D-05   .2000D-05
    3   12
    2    2   .4000D-08
    2    3   .4000D-08
    3    3   .4000D-08
    2    2   .2927D-08
    2    3   .2927D-08
    3    3   .2927D-08
    1    1   .8000D-09
    1    7   .4000D-09
    7    7   .2000D-09
    3    3   .1500D-07
    3    4  -.1500D-07
    4    4   .1500D-07
    1    1   .4000D-08
    1   12  -.4000D-08
   12   12   .4000D-08
    0  205   .2000D-09
   .1000D-02   .2000D-01   .1000D+00   .1450D+03   .4960D+05
   .1000D-02   .8000D-04   .1000D+00   .3600D-01   .6000D+00
 1.000  .000   .8000D-02   .3000D-01
 1.000  .000   .8000D-02   .4000D-01
 1.000  .000   .5000D-02   .4000D-01
 1.000  .000   .5000D-02   .2000D-01
 1.000  .000   .5000D-02   .3000D-01
 1.000  .000   .5000D-02   .3000D-01
 1.000  .000   .1000D-02   .2000D-01
 1.000  .000   .1000D-02   .2000D-01
 1.000  .000   .2000D-02   .2000D-01
 1.000  .000   .8000D-02   .2500D-01
 1.000  .000   .8000D-02   .4000D-01
 1.000  .000   .8000D-02   .2000D+00
   .6430D+02   .4700D+01   .7500D-03   .7000D-01  -.1000D+01
   .1450D+03   .4960D+05   .4000D-01   .7500D+01
   .4000D-06   .1000D+01   .0000D+00
   .0000D+00   .4000D+00   .2100D+01
   .0000D+00   .1500D-07   .2000D-06
   .2100D-04   .1500D-03
 1.000 1.000   .2000D-05   .1000D-09
 1.000 1.000   .6000D-05   .1200D-05
 1.000 1.000   .0000D+00   .4000D-06
 1.000 1.000   .0000D+00   .2000D-06
 1.000 1.000   .1300D-02   .1300D-02
 1.000 1.000   .1500D+00   .1500D+00
 1.000 1.000   .0000D+00   .2000D-07
 1.000 1.000   .0000D+00   .2000D-07
 1.000 1.000   .2000D-05   .2000D-05
 1.000 1.000   .2000D-02   .2000D-02
 1.000 1.000   .1200D-05   .2400D-06
 1.000 1.000   .2000D-05   .2000D-05
    3   12
    2    2   .4000D-08
    2    3   .4000D-08
    3    3   .4000D-08
    2    2   .2439D-08
    2    3   .2439D-08
    3    3   .2439D-08
    1    1   .8000D-09
    1    7   .4000D-09
    7    7   .2000D-09
    3    3   .1500D-07
    3    4  -.1500D-07
    4    4   .1500D-07
    1    1   .4000D-08
    1   12  -.4000D-08
   12   12   .4000D-08
    0  205   .2000D-09
   .1000D-02   .2000D-01   .1000D+00   .1450D+03   .4960D+05
   .1000D-02   .8000D-04   .1000D+00   .3600D-01   .6000D+00
 1.000  .000   .8000D-02   .3000D-01
 1.000  .000   .8000D-02   .4000D-01
 1.000  .000   .5000D-02   .4000D-01
 1.000  .000   .5000D-02   .2000D-01
 1.000  .000   .5000D-02   .3000D-01
 1.000  .000   .5000D-02   .3000D-01
 1.000  .000   .1000D-02   .2000D-01
 1.000  .000   .1000D-02   .2000D-01
 1.000  .000   .2000D-02   .2000D-01
 1.000  .000   .8000D-02   .2500D-01
 1.000  .000   .8000D-02   .4000D-01
 1.000  .000   .8000D-02   .2000D+00
   .6430D+02   .4700D+01   .7500D-03   .7000D-01  -.1000D+01
   .1450D+03   .4960D+05   .4000D-01   .7500D+01
   .4000D-06   .1000D+01   .0000D+00
   .0000D+00   .4000D+00   .2100D+01
   .0000D+00   .1500D-07   .2000D-06
   .2100D-04   .1500D-03
 1.000 1.000   .2000D-05   .1000D-09
 1.000 1.000   .6000D-05   .1200D-05
 1.000 1.000   .0000D+00   .4000D-06
 1.000 1.000   .0000D+00   .2000D-06
 1.000 1.000   .1300D-02   .1300D-02
 1.000 1.000   .1500D+00   .1500D+00
 1.000 1.000   .0000D+00   .2000D-07
 1.000 1.000   .0000D+00   .2000D-07
 1.000 1.000   .2000D-05   .2000D-05
 1.000 1.000   .2000D-02   .2000D-02
 1.000 1.000   .1200D-05   .2400D-06
 1.000 1.000   .2000D-05   .2000D-05
    3   12
    2    2   .4000D-08
    2    3   .4000D-08
    3    3   .4000D-08
    2    2   .1951D-08
    2    3   .1951D-08
    3    3   .1951D-08
    1    1   .8000D-09
    1    7   .4000D-09
    7    7   .2000D-09
    3    3   .1500D-07
    3    4  -.1500D-07
    4    4   .1500D-07
    1    1   .4000D-08
    1   12  -.4000D-08
   12   12   .4000D-08
    0  205   .2000D-09
   .1000D-02   .2000D-01   .1000D+00   .1450D+03   .4960D+05
   .1000D-02   .8000D-04   .1000D+00   .3600D-01   .6000D+00
 1.000  .000   .8000D-02   .3000D-01
 1.000  .000   .8000D-02   .4000D-01
 1.000  .000   .5000D-02   .4000D-01
 1.000  .000   .5000D-02   .2000D-01
 1.000  .000   .5000D-02   .3000D-01
 1.000  .000   .5000D-02   .3000D-01
 1.000  .000   .1000D-02   .2000D-01
 1.000  .000   .1000D-02   .2000D-01
 1.000  .000   .2000D-02   .2000D-01
 1.000  .000   .8000D-02   .2500D-01
 1.000  .000   .8000D-02   .4000D-01
 1.000  .000   .8000D-02   .2000D+00
   .6430D+02   .4700D+01   .7500D-03   .7000D-01  -.1000D+01
   .1450D+03   .4960D+05   .4000D-01   .7500D+01
   .4000D-06   .1000D+01   .0000D+00
   .0000D+00   .4000D+00   .2100D+01
   .0000D+00   .1500D-07   .2000D-06
   .2100D-04   .1500D-03
 1.000 1.000   .2000D-05   .1000D-09
 1.000 1.000   .6000D-05   .1200D-05
 1.000 1.000   .0000D+00   .4000D-06
 1.000 1.000   .0000D+00   .2000D-06
 1.000 1.000   .1300D-02   .1300D-02
 1.000 1.000   .1500D+00   .1500D+00
 1.000 1.000   .0000D+00   .2000D-07
 1.000 1.000   .0000D+00   .2000D-07
 1.000 1.000   .2000D-05   .2000D-05
 1.000 1.000   .2000D-02   .2000D-02
 1.000 1.000   .1200D-05   .2400D-06
 1.000 1.000   .2000D-05   .2000D-05
    3   12
    2    2   .4000D-08
    2    3   .4000D-08
    3    3   .4000D-08
    2    2   .1463D-08
    2    3   .1463D-08
    3    3   .1463D-08
    1    1   .8000D-09
    1    7   .4000D-09
    7    7   .2000D-09
    3    3   .1500D-07
    3    4  -.1500D-07
    4    4   .1500D-07
    1    1   .4000D-08
    1   12  -.4000D-08
   12   12   .4000D-08
    0  205   .2000D-09
   .1000D-02   .2000D-01   .1000D+00   .1450D+03   .4960D+05
   .1000D-02   .8000D-04   .1000D+00   .3600D-01   .6000D+00
 1.000  .000   .8000D-02   .3000D-01
 1.000  .000   .8000D-02   .4000D-01
 1.000  .000   .5000D-02   .4000D-01
 1.000  .000   .5000D-02   .2000D-01
 1.000  .000   .5000D-02   .3000D-01
 1.000  .000   .5000D-02   .3000D-01
 1.000  .000   .1000D-02   .2000D-01
 1.000  .000   .1000D-02   .2000D-01
 1.000  .000   .2000D-02   .2000D-01
 1.000  .000   .8000D-02   .2500D-01
 1.000  .000   .8000D-02   .4000D-01
 1.000  .000   .8000D-02   .2000D+00
   .6430D+02   .4700D+01   .7500D-03   .7000D-01  -.1000D+01
   .1450D+03   .4960D+05   .4000D-01   .7500D+01
   .4000D-06   .1000D+01   .0000D+00
   .0000D+00   .4000D+00   .2100D+01
   .0000D+00   .1500D-07   .2000D-06
   .2100D-04   .1500D-03
 1.000 1.000   .2000D-05   .1000D-09
 1.000 1.000   .6000D-05   .1200D-05
 1.000 1.000   .0000D+00   .4000D-06
 1.000 1.000   .0000D+00   .2000D-06
 1.000 1.000   .1300D-02   .1300D-02
 1.000 1.000   .1500D+00   .1500D+00
 1.000 1.000   .0000D+00   .2000D-07
 1.000 1.000   .0000D+00   .2000D-07
 1.000 1.000   .2000D-05   .2000D-05
 1.000 1.000   .2000D-02   .2000D-02
 1.000 1.000   .1200D-05   .2400D-06
 1.000 1.000   .2000D-05   .2000D-05
    3   12
    2    2   .4000D-08
    2    3   .4000D-08
    3    3   .4000D-08
    2    2   .9756D-09
    2    3   .9756D-09
    3    3   .9756D-09
    1    1   .8000D-09
    1    7   .4000D-09
    7    7   .2000D-09
    3    3   .1500D-07
    3    4  -.1500D-07
    4    4   .1500D-07
    1    1   .4000D-08
    1   12  -.4000D-08
   12   12   .4000D-08
    0  205   .2000D-09
   .1000D-02   .2000D-01   .1000D+00   .1450D+03   .4960D+05
   .1000D-02   .8000D-04   .1000D+00   .3600D-01   .6000D+00
 1.000  .000   .8000D-02   .3000D-01
 1.000  .000   .8000D-02   .4000D-01
 1.000  .000   .5000D-02   .4000D-01
 1.000  .000   .5000D-02   .2000D-01
 1.000  .000   .5000D-02   .3000D-01
 1.000  .000   .5000D-02   .3000D-01
 1.000  .000   .1000D-02   .2000D-01
 1.000  .000   .1000D-02   .2000D-01
 1.000  .000   .2000D-02   .2000D-01
 1.000  .000   .8000D-02   .2500D-01
 1.000  .000   .8000D-02   .4000D-01
 1.000  .000   .8000D-02   .2000D+00
   .6430D+02   .4700D+01   .7500D-03   .7000D-01  -.1000D+01
   .1450D+03   .4960D+05   .4000D-01   .7500D+01
   .4000D-06   .1000D+01   .0000D+00
   .0000D+00   .4000D+00   .2100D+01
   .0000D+00   .1500D-07   .2000D-06
   .2100D-04   .1500D-03
 1.000 1.000   .2000D-05   .1000D-09
 1.000 1.000   .6000D-05   .1200D-05
 1.000 1.000   .0000D+00   .4000D-06
 1.000 1.000   .0000D+00   .2000D-06
 1.000 1.000   .1300D-02   .1300D-02
 1.000 1.000   .1500D+00   .1500D+00
 1.000 1.000   .0000D+00   .2000D-07
 1.000 1.000   .0000D+00   .2000D-07
 1.000 1.000   .2000D-05   .2000D-05
 1.000 1.000   .2000D-02   .2000D-02
 1.000 1.000   .1200D-05   .2400D-06
 1.000 1.000   .2000D-05   .2000D-05
    3   12
    2    2   .4000D-08
    2    3   .4000D-08
    3    3   .4000D-08
    2    2   .4878D-09
    2    3   .4878D-09
    3    3   .4878D-09
    1    1   .8000D-09
    1    7   .4000D-09
    7    7   .2000D-09
    3    3   .1500D-07
    3    4  -.1500D-07
    4    4   .1500D-07
    1    1   .4000D-08
    1   12  -.4000D-08
   12   12   .4000D-08
    0  205   .2000D-09
   .1000D-02   .2000D-01   .1000D+00   .1450D+03   .4960D+05
   .1000D-02   .8000D-04   .1000D+00   .3600D-01   .6000D+00
 1.000  .000   .8000D-02   .3000D-01
 1.000  .000   .8000D-02   .4000D-01
 1.000  .000   .5000D-02   .4000D-01
 1.000  .000   .5000D-02   .2000D-01
 1.000  .000   .5000D-02   .3000D-01
 1.000  .000   .5000D-02   .3000D-01
 1.000  .000   .1000D-02   .2000D-01
 1.000  .000   .1000D-02   .2000D-01
 1.000  .000   .2000D-02   .2000D-01
 1.000  .000   .8000D-02   .2500D-01
 1.000  .000   .8000D-02   .4000D-01
 1.000  .000   .8000D-02   .2000D+00
   .6430D+02   .4700D+01   .7500D-03   .7000D-01  -.1000D+01
   .1450D+03   .4960D+05   .4000D-01   .7500D+01
   .4000D-06   .1000D+01   .0000D+00
   .0000D+00   .4000D+00   .2100D+01
   .0000D+00   .1500D-07   .2000D-06
   .2100D-04   .1500D-03
 1.000 1.000   .2000D-05   .1000D-09
 1.000 1.000   .6000D-05   .1200D-05
 1.000 1.000   .0000D+00   .4000D-06
 1.000 1.000   .0000D+00   .2000D-06
 1.000 1.000   .1300D-02   .1300D-02
 1.000 1.000   .1500D+00   .1500D+00
 1.000 1.000   .0000D+00   .2000D-07
 1.000 1.000   .0000D+00   .2000D-07
 1.000 1.000   .2000D-05   .2000D-05
 1.000 1.000   .2000D-02   .2000D-02
 1.000 1.000   .1200D-05   .2400D-06
 1.000 1.000   .2000D-05   .2000D-05
    3   12
    2    2   .4000D-08
    2    3   .4000D-08
    3    3   .4000D-08
    2    2   .0000D+00
    2    3   .0000D+00
    3    3   .0000D+00
    1    1   .8000D-09
    1    7   .4000D-09
    7    7   .2000D-09
    3    3   .1500D-07
    3    4  -.1500D-07
    4    4   .1500D-07
    1    1   .4000D-08
    1   12  -.4000D-08
   12   12   .4000D-08
