    0.16668449295297491000D+00
   -0.37488733063534503000D+02
    0.15672260513328095000D+00
    0.33050969313394252000D-02
    0.12908003458519382000D+00
    0.28387525252520966000D-01
    0.43060368863956535000D+01
    0.14988013172140914000D-02
    0.21060520664107234000D-02
    0.54252478003371856000D-03
    0.50555098670149196000D-02
    0.38051779627947084000D+02
    0.21944458586854156000D+01
    0.40827264177692114000D+02
   -0.67913151719772784000D+02
    0.12863994508120324000D+00
    0.74228734218685296000D-01
    0.46493502063387100000D-01
    0.32113512069823012000D-01
    0.33601729659179452000D-02
    0.43848929371076090000D+01
    0.14998005927339755000D-02
    0.20926261433351464000D-02
    0.46375569386224559000D-02
    0.58042088374877925000D-02
    0.60876397759328384000D+02
    0.30202715661520652000D+02
    0.35123471160692264000D+03
    0.72134485855555929000D+00
    0.11359088045248293000D+02
    0.16049900310988982000D+00
    0.23634118071651799000D-02
    0.14175152210626854000D+00
    0.10900058131881898000D-01
    0.44018943667946954000D+01
    0.15042054883851506000D-02
    0.46657016894255474000D-02
    0.31998382663755561000D-02
    0.10351912527339952000D-01
    0.15112712416619826000D+02
    0.23203468332117456000D+01
    0.10869532592643797000D+03
    0.97813109337531248000D-01
    0.00000000000000000000D+00
