

 DIST  Na:   FLUX      FEKM      FIKM     JNKCC     JNHE3    Na,K-ATP   JNAHS      JNAB
 0.0000    337.3587    0.6129  336.7458  126.8718  209.8127  371.5683  -31.8226  -64.6536
 0.0025    335.7101   -0.7320  336.4421  128.4359  207.9449  371.5707  -32.1040  -65.1810
 0.0050    333.8841   -1.9589  335.8429  129.8709  205.9106  371.2756  -32.3819  -65.7030
 0.0075    331.9023   -3.0733  334.9756  131.1890  203.7252  370.7089  -32.6551  -66.2170
 0.0100    329.7823   -4.0813  333.8636  132.4003  201.4019  369.8935  -32.9232  -66.7219
 0.0125    327.5397   -4.9891  332.5288  133.5130  198.9545  368.8506  -33.1857  -67.2168
 0.0150    325.1893   -5.8034  330.9927  134.5335  196.3979  367.6011  -33.4422  -67.7006
 0.0175    322.7458   -6.5308  329.2766  135.4673  193.7481  366.1654  -33.6921  -68.1723
 0.0200    320.2238   -7.1784  327.4023  136.3186  191.0226  364.5645  -33.9347  -68.6306
 0.0225    317.6383   -7.7536  325.3918  137.0915  188.2395  362.8200  -34.1697  -69.0746
 0.0250    315.0043   -8.2636  323.2679  137.7893  185.4179  360.9537  -34.3966  -69.5033
 0.0275    312.3369   -8.7158  321.0527  138.4153  182.5769  358.9874  -34.6150  -69.9161
 0.0300    309.6510   -9.1175  318.7685  138.9729  179.7353  356.9429  -34.8247  -70.3125
 0.0325    306.9605   -9.4756  316.4360  139.4652  176.9106  354.8408  -35.0256  -70.6924
 0.0350    304.2783   -9.7965  314.0748  139.8958  174.1191  352.7006  -35.2179  -71.0560
 0.0375    301.6159  -10.0863  311.7022  140.2679  171.3747  350.5397  -35.4017  -71.4037
 0.0400    298.9830  -10.3504  309.3334  140.5850  168.6890  348.3737  -35.5774  -71.7362
 0.0425    296.3873  -10.5935  306.9808  140.8505  166.0711  346.2154  -35.7455  -72.0542
 0.0450    293.8346  -10.8198  304.6545  141.0678  163.5277  344.0753  -35.9064  -72.3590
 0.0475    291.3290  -11.0328  302.3618  141.2401  161.0631  341.9615  -36.0607  -72.6514
 0.0500    288.8726  -11.2354  300.1080  141.3704  158.6792  339.8797  -36.2090  -72.9327
 0.0525    286.4660  -11.4300  297.8961  141.4615  156.3764  337.8336  -36.3520  -73.2041
 0.0550    284.1087  -11.6186  295.7273  141.5162  154.1533  335.8253  -36.4902  -73.4665
 0.0575    281.7990  -11.8027  293.6017  141.5368  152.0073  333.8551  -36.6241  -73.7212
 0.0600    279.5342  -11.9837  291.5178  141.5254  149.9351  331.9224  -36.7543  -73.9690
 0.0625    277.3111  -12.1623  289.4734  141.4841  147.9324  330.0253  -36.8812  -74.2109
 0.0650    275.1263  -12.3394  287.4657  141.4144  145.9946  328.1617  -37.0054  -74.4477
 0.0675    272.9758  -12.5155  285.4913  141.3180  144.1169  326.3285  -37.1271  -74.6801
 0.0700    270.8557  -12.6910  283.5467  141.1962  142.2943  324.5225  -37.2468  -74.9087
 0.0725    268.7618  -12.8661  281.6279  141.0501  140.5219  322.7404  -37.3646  -75.1341
 0.0750    266.6902  -13.0411  279.7313  140.8809  138.7948  320.9786  -37.4810  -75.3568
 0.0775    264.6371  -13.2160  277.8531  140.6894  137.1085  319.2336  -37.5960  -75.5771
 0.0800    262.5988  -13.3909  275.9897  140.4763  135.4584  317.5021  -37.7099  -75.7953
 0.0825    260.5718  -13.5658  274.1376  140.2424  133.8405  315.7807  -37.8229  -76.0118
 0.0850    258.5530  -13.7406  272.2936  139.9883  132.2508  314.0662  -37.9350  -76.2267
 0.0875    256.5392  -13.9153  270.4545  139.7145  130.6858  312.3559  -38.0463  -76.4401
 0.0900    254.5278  -14.0898  268.6176  139.4214  129.1423  310.6468  -38.1569  -76.6522
 0.0925    252.5163  -14.2639  266.7802  139.1095  127.6171  308.9366  -38.2669  -76.8630
 0.0950    250.5024  -14.4377  264.9401  138.7790  126.1077  307.2227  -38.3763  -77.0726
 0.0975    248.4840  -14.6110  263.0949  138.4304  124.6115  305.5032  -38.4851  -77.2810
 0.1000    246.4594  -14.7836  261.2429  138.0638  123.1263  303.7760  -38.5932  -77.4880
 0.1025    244.4269  -14.9554  259.3823  137.6795  121.6503  302.0395  -38.7007  -77.6937
 0.1050    242.3853  -15.1264  257.5117  137.2778  120.1816  300.2922  -38.8075  -77.8979
 0.1075    240.3332  -15.2964  255.6296  136.8588  118.7188  298.5326  -38.9137  -78.1006
 0.1100    238.2698  -15.4653  253.7350  136.4228  117.2605  296.7596  -39.0191  -78.3017
 0.1125    236.1941  -15.6329  251.8270  135.9698  115.8057  294.9721  -39.1236  -78.5009
 0.1150    234.1054  -15.7992  249.9046  135.5001  114.3532  293.1694  -39.2273  -78.6982
 0.1175    232.0033  -15.9640  247.9673  135.0139  112.9025  291.3506  -39.3301  -78.8934
 0.1200    229.8873  -16.1273  246.0146  134.5113  111.4526  289.5152  -39.4318  -79.0863
 0.1225    227.7571  -16.2889  244.0460  133.9924  110.0032  287.6626  -39.5324  -79.2768
 0.1250    225.6125  -16.4488  242.0613  133.4575  108.5537  285.7926  -39.6319  -79.4647
 0.1275    223.4536  -16.6068  240.0604  132.9066  107.1039  283.9049  -39.7301  -79.6498
 0.1300    221.2803  -16.7629  238.0432  132.3401  105.6535  281.9993  -39.8269  -79.8319
 0.1325    219.0928  -16.9169  236.0097  131.7580  104.2023  280.0758  -39.9223  -80.0108
 0.1350    216.8913  -17.0688  233.9602  131.1606  102.7505  278.1344  -40.0162  -80.1864
 0.1375    214.6761  -17.2186  231.8947  130.5480  101.2978  276.1752  -40.1084  -80.3585
 0.1400    212.4476  -17.3661  229.8137  129.9206   99.8445  274.1986  -40.1990  -80.5268
 0.1425    210.2062  -17.5113  227.7176  129.2785   98.3907  272.2047  -40.2878  -80.6913
 0.1450    207.9525  -17.6542  225.6067  128.6220   96.9365  270.1939  -40.3747  -80.8516
 0.1475    205.6870  -17.7946  223.4816  127.9514   95.4823  268.1667  -40.4596  -81.0078
 0.1500    203.4104  -17.9326  221.3430  127.2669   94.0284  266.1235  -40.5425  -81.1595
 0.1525    201.1233  -18.0681  219.1914  126.5688   92.5751  264.0650  -40.6233  -81.3066
 0.1550    198.8265  -18.2011  217.0275  125.8575   91.1229  261.9916  -40.7019  -81.4490
 0.1575    196.5207  -18.3315  214.8523  125.1333   89.6720  259.9042  -40.7782  -81.5865
 0.1600    194.2069  -18.4595  212.6664  124.3965   88.2231  257.8035  -40.8522  -81.7190
 0.1625    191.8858  -18.5849  210.4707  123.6476   86.7767  255.6902  -40.9238  -81.8463
 0.1650    189.5585  -18.7077  208.2662  122.8868   85.3331  253.5653  -40.9929  -81.9684
 0.1675    187.2257  -18.8281  206.0538  122.1147   83.8931  251.4295  -41.0595  -82.0850
 0.1700    184.8885  -18.9460  203.8346  121.3316   82.4573  249.2839  -41.1236  -82.1962
 0.1725    182.5480  -19.0615  201.6095  120.5380   81.0261  247.1295  -41.1850  -82.3017
 0.1750    180.2051  -19.1747  199.3798  119.7343   79.6002  244.9673  -41.2437  -82.4016
 0.1775    177.8609  -19.2855  197.1464  118.9210   78.1803  242.7983  -41.2997  -82.4957
 0.1800    175.5165  -19.3941  194.9106  118.0986   76.7671  240.6238  -41.3530  -82.5840
 0.1825    173.1729  -19.5006  192.6735  117.2677   75.3612  238.4447  -41.4035  -82.6664
 0.1850    170.8314  -19.6049  190.4363  116.4287   73.9632  236.2624  -41.4512  -82.7429
 0.1875    168.4930  -19.7074  188.2004  115.5822   72.5739  234.0780  -41.4960  -82.8134
 0.1900    166.1588  -19.8080  185.9668  114.7288   71.1940  231.8928  -41.5381  -82.8780
 0.1925    163.8300  -19.9069  183.7369  113.8690   69.8241  229.7080  -41.5773  -82.9366
 0.1950    161.5077  -20.0042  181.5119  113.0034   68.4650  227.5249  -41.6136  -82.9893
 0.1975    159.1931  -20.1001  179.2932  112.1326   67.1173  225.3447  -41.6471  -83.0360
 0.2000    156.8874  -20.1946  177.0820  111.2573   65.7816  223.1688  -41.6778  -83.0768


 DIST  K:     FLUX      FEKM      FIKM     JNKCC      GIKM    Na,K-ATP    JKCC    GIKS+GJK
 0.0000    -40.3108    0.7145  -41.0253  -32.3702   -8.6551 -163.0368  104.4727   17.5387
 0.0025    -36.1836    0.7979  -36.9815  -28.6759   -8.3056 -164.5701  107.9537   19.6349
 0.0050    -32.2853    0.8712  -33.1565  -25.0737   -8.0828 -165.8774  111.1232   21.5977
 0.0075    -28.5957    0.9349  -29.5306  -21.5482   -7.9825 -166.9774  114.0137   23.4330
 0.0100    -25.0987    0.9897  -26.0884  -18.0897   -7.9987 -167.8866  116.6529   25.1453
 0.0125    -21.7818    1.0361  -22.8179  -14.6932   -8.1247 -168.6200  119.0642   26.7379
 0.0150    -18.6355    1.0745  -19.7100  -11.3576   -8.3525 -169.1913  121.2673   28.2139
 0.0175    -15.6530    1.1056  -16.7586   -8.0852   -8.6734 -169.6135  123.2795   29.5754
 0.0200    -12.8297    1.1296  -13.9593   -4.8810   -9.0783 -169.8993  125.1158   30.8243
 0.0225    -10.1623    1.1471  -11.3094   -1.7520   -9.5574 -170.0612  126.7897   31.9621
 0.0250     -7.6489    1.1586   -8.8075    1.2934  -10.1009 -170.1116  128.3138   32.9903
 0.0275     -5.2885    1.1643   -6.4528    4.2461  -10.6990 -170.0629  129.6995   33.9106
 0.0300     -3.0799    1.1649   -4.2448    7.0973  -11.3421 -169.9272  130.9576   34.7248
 0.0325     -1.0221    1.1606   -2.1827    9.8385  -12.0212 -169.7162  132.0986   35.4349
 0.0350      0.8865    1.1518   -0.2653   12.4628  -12.7281 -169.4413  133.1324   36.0436
 0.0375      2.6485    1.1390    1.5095   14.9647  -13.4552 -169.1128  134.0684   36.5539
 0.0400      4.2669    1.1225    3.1445   17.3405  -14.1961 -168.7404  134.9157   36.9692
 0.0425      5.7461    1.1026    4.6435   19.5887  -14.9451 -168.3326  135.6827   37.2935
 0.0450      7.0910    1.0796    6.0114   21.7092  -15.6977 -167.8968  136.3774   37.5309
 0.0475      8.3076    1.0539    7.2537   23.7039  -16.4501 -167.4394  137.0071   37.6860
 0.0500      9.4022    1.0257    8.3766   25.5759  -17.1994 -166.9654  137.5787   37.7633
 0.0525     10.3819    0.9952    9.3866   27.3298  -17.9432 -166.4792  138.0982   37.7676
 0.0550     11.2537    0.9628   10.2909   28.9707  -18.6798 -165.9840  138.5713   37.7036
 0.0575     12.0252    0.9286   11.0966   30.5047  -19.4081 -165.4822  139.0027   37.5761
 0.0600     12.7037    0.8929   11.8108   31.9378  -20.1270 -164.9757  139.3970   37.3894
 0.0625     13.2963    0.8557   12.4406   33.2768  -20.8362 -164.4655  139.7581   37.1480
 0.0650     13.8102    0.8174   12.9928   34.5281  -21.5353 -163.9524  140.0893   36.8560
 0.0675     14.2520    0.7780   13.4741   35.6982  -22.2241 -163.4368  140.3936   36.5173
 0.0700     14.6282    0.7376   13.8906   36.7932  -22.9027 -162.9186  140.6737   36.1355
 0.0725     14.9448    0.6965   14.2483   37.8193  -23.5710 -162.3976  140.9318   35.7141
 0.0750     15.2073    0.6547   14.5527   38.7821  -24.2294 -161.8734  141.1699   35.2562
 0.0775     15.4211    0.6123   14.8089   39.6869  -24.8780 -161.3456  141.3897   34.7648
 0.0800     15.5910    0.5694   15.0217   40.5387  -25.5170 -160.8134  141.5925   34.2425
 0.0825     15.7214    0.5260   15.1954   41.3421  -26.1467 -160.2763  141.7797   33.6919
 0.0850     15.8164    0.4824   15.3340   42.1013  -26.7673 -159.7335  141.9524   33.1151
 0.0875     15.8797    0.4385   15.4411   42.8203  -27.3791 -159.1845  142.1114   32.5143
 0.0900     15.9146    0.3944   15.5202   43.5025  -27.9824 -158.6285  142.2574   31.8912
 0.0925     15.9243    0.3502   15.5741   44.1513  -28.5772 -158.0648  142.3912   31.2478
 0.0950     15.9115    0.3059   15.6056   44.7696  -29.1640 -157.4930  142.5131   30.5854
 0.0975     15.8786    0.2616   15.6170   45.3600  -29.7429 -156.9123  142.6238   29.9055
 0.1000     15.8279    0.2172   15.6107   45.9249  -30.3142 -156.3222  142.7234   29.2095
 0.1025     15.7614    0.1729   15.5886   46.4664  -30.8779 -155.7222  142.8123   28.4985
 0.1050     15.6809    0.1286   15.5523   46.9866  -31.4343 -155.1120  142.8906   27.7736
 0.1075     15.5880    0.0845   15.5035   47.4870  -31.9835 -154.4910  142.9586   27.0359
 0.1100     15.4840    0.0405   15.4435   47.9693  -32.5258 -153.8590  143.0163   26.2862
 0.1125     15.3702   -0.0034   15.3736   48.4348  -33.0612 -153.2155  143.0637   25.5254
 0.1150     15.2478   -0.0470   15.2948   48.8846  -33.5898 -152.5604  143.1009   24.7543
 0.1175     15.1177   -0.0905   15.2081   49.3200  -34.1119 -151.8934  143.1279   23.9737
 0.1200     14.9807   -0.1337   15.1144   49.7418  -34.6274 -151.2143  143.1445   23.1842
 0.1225     14.8376   -0.1767   15.0143   50.1509  -35.1366 -150.5230  143.1507   22.3866
 0.1250     14.6892   -0.2194   14.9085   50.5480  -35.6395 -149.8194  143.1465   21.5814
 0.1275     14.5358   -0.2618   14.7976   50.9338  -36.1362 -149.1034  143.1316   20.7694
 0.1300     14.3781   -0.3039   14.6820   51.3088  -36.6268 -148.3750  143.1060   19.9510
 0.1325     14.2165   -0.3457   14.5622   51.6735  -37.1113 -147.6343  143.0695   19.1270
 0.1350     14.0514   -0.3871   14.4385   52.0285  -37.5899 -146.8812  143.0219   18.2978
 0.1375     13.8831   -0.4282   14.3113   52.3739  -38.0626 -146.1158  142.9631   17.4640
 0.1400     13.7119   -0.4689   14.1808   52.7103  -38.5295 -145.3383  142.8928   16.6263
 0.1425     13.5379   -0.5093   14.0472   53.0378  -38.9906 -144.5489  142.8109   15.7851
 0.1450     13.3615   -0.5492   13.9108   53.3567  -39.4459 -143.7476  142.7172   14.9412
 0.1475     13.1829   -0.5887   13.7716   53.6672  -39.8956 -142.9348  142.6115   14.0949
 0.1500     13.0021   -0.6278   13.6299   53.9696  -40.3397 -142.1106  142.4935   13.2470
 0.1525     12.8192   -0.6665   13.4858   54.2639  -40.7781 -141.2754  142.3631   12.3980
 0.1550     12.6345   -0.7047   13.3392   54.5502  -41.2110 -140.4294  142.2202   11.5485
 0.1575     12.4480   -0.7424   13.1905   54.8288  -41.6383 -139.5731  142.0644   10.6992
 0.1600     12.2598   -0.7797   13.0395   55.0996  -42.0601 -138.7067  141.8956    9.8506
 0.1625     12.0699   -0.8164   12.8864   55.3627  -42.4763 -137.8307  141.7136    9.0034
 0.1650     11.8785   -0.8526   12.7311   55.6182  -42.8870 -136.9454  141.5183    8.1583
 0.1675     11.6855   -0.8883   12.5739   55.8660  -43.2922 -136.0514  141.3094    7.3158
 0.1700     11.4911   -0.9235   12.4146   56.1064  -43.6918 -135.1492  141.0870    6.4768
 0.1725     11.2952   -0.9581   12.2533   56.3391  -44.0858 -134.2391  140.8507    5.6417
 0.1750     11.0979   -0.9921   12.0901   56.5643  -44.4742 -133.3218  140.6005    4.8113
 0.1775     10.8993   -1.0256   11.9249   56.7819  -44.8570 -132.3978  140.3363    3.9864
 0.1800     10.6995   -1.0584   11.7579   56.9919  -45.2340 -131.4676  140.0580    3.1675
 0.1825     10.4984   -1.0907   11.5891   57.1944  -45.6053 -130.5319  139.7656    2.3554
 0.1850     10.2961   -1.1223   11.4184   57.3892  -45.9708 -129.5913  139.4590    1.5508
 0.1875     10.0928   -1.1533   11.2461   57.5764  -46.3303 -128.6464  139.1382    0.7543
 0.1900      9.8884   -1.1836   11.0720   57.7559  -46.6839 -127.6978  138.8031   -0.0333
 0.1925      9.6831   -1.2133   10.8964   57.9277  -47.0314 -126.7463  138.4540   -0.8113
 0.1950      9.4769   -1.2423   10.7192   58.0919  -47.3727 -125.7924  138.0907   -1.5791
 0.1975      9.2700   -1.2706   10.5406   58.2484  -47.7077 -124.8369  137.7135   -2.3359
 0.2000      9.0625   -1.2982   10.3607   58.3971  -48.0364 -123.8805  137.3224   -3.0812


 DIST  Cl:   FLUX      FEKM      FIKM     JNKCC      JKCC      JCLB    GIKS+GJK
 0.0000    258.3267    4.5920  253.7347  253.7437  111.6794    2.3023  139.7530
 0.0025    260.8143    3.9516  256.8627  256.8718  114.2076    2.2096  140.4455
 0.0050    263.0016    3.2690  259.7326  259.7418  116.5106    2.1190  141.1031
 0.0075    264.9153    2.5466  262.3687  262.3780  118.6114    2.0298  141.7275
 0.0100    266.5784    1.7872  264.7912  264.8006  120.5297    1.9419  142.3196
 0.0125    268.0098    0.9933  267.0165  267.0260  122.2823    1.8554  142.8788
 0.0150    269.2254    0.1680  269.0575  269.0671  123.8833    1.7703  143.4040
 0.0175    270.2390   -0.6859  270.9249  270.9346  125.3451    1.6865  143.8932
 0.0200    271.0625   -1.5650  272.6275  272.6373  126.6789    1.6043  144.3443
 0.0225    271.7067   -2.4664  274.1731  274.1830  127.8943    1.5238  144.7550
 0.0250    272.1819   -3.3867  275.5686  275.5785  129.0006    1.4451  145.1229
 0.0275    272.4977   -4.3229  276.8206  276.8306  130.0063    1.3683  145.4459
 0.0300    272.6638   -5.2718  277.9356  277.9457  130.9195    1.2937  145.7224
 0.0325    272.6896   -6.2307  278.9203  278.9305  131.7480    1.2212  145.9511
 0.0350    272.5845   -7.1967  279.7813  279.7915  132.4991    1.1512  146.1311
 0.0375    272.3579   -8.1675  280.5254  280.5357  133.1798    1.0835  146.2621
 0.0400    272.0187   -9.1408  281.1595  281.1699  133.7969    1.0182  146.3444
 0.0425    271.5758  -10.1147  281.6905  281.7010  134.3567    0.9554  146.3784
 0.0450    271.0375  -11.0875  282.1250  282.1356  134.8649    0.8950  146.3651
 0.0475    270.4116  -12.0579  282.4695  282.4801  135.3270    0.8368  146.3057
 0.0500    269.7054  -13.0247  282.7300  282.7407  135.7477    0.7809  146.2015
 0.0525    268.9254  -13.9869  282.9123  282.9231  136.1315    0.7270  146.0538
 0.0550    268.0778  -14.9438  283.0216  283.0324  136.4823    0.6751  145.8643
 0.0575    267.1679  -15.8948  283.0628  283.0736  136.8035    0.6249  145.6343
 0.0600    266.2005  -16.8394  283.0400  283.0508  137.0983    0.5763  145.3654
 0.0625    265.1799  -17.7773  282.9572  282.9681  137.3692    0.5292  145.0588
 0.0650    264.1099  -18.7080  282.8179  282.8288  137.6186    0.4833  144.7160
 0.0675    262.9935  -19.6315  282.6250  282.6360  137.8485    0.4384  144.3381
 0.0700    261.8338  -20.5476  282.3814  282.3924  138.0606    0.3945  143.9263
 0.0725    260.6332  -21.4561  282.0893  282.1003  138.2564    0.3513  143.4816
 0.0750    259.3938  -22.3569  281.7508  281.7618  138.4371    0.3087  143.0049
 0.0775    258.1175  -23.2502  281.3676  281.3787  138.6038    0.2665  142.4973
 0.0800    256.8059  -24.1356  280.9415  280.9526  138.7574    0.2247  141.9594
 0.0825    255.4603  -25.0134  280.4737  280.4848  138.8987    0.1830  141.3921
 0.0850    254.0821  -25.8834  279.9655  279.9766  139.0281    0.1414  140.7960
 0.0875    252.6721  -26.7457  279.4178  279.4289  139.1464    0.0997  140.1718
 0.0900    251.2314  -27.6003  278.8317  278.8428  139.2539    0.0578  139.5200
 0.0925    249.7607  -28.4471  278.2078  278.2189  139.3509    0.0156  138.8413
 0.0950    248.2606  -29.2863  277.5469  277.5580  139.4376   -0.0269  138.1361
 0.0975    246.7319  -30.1177  276.8496  276.8607  139.5144   -0.0698  137.4051
 0.1000    245.1750  -30.9415  276.1165  276.1276  139.5813   -0.1133  136.6485
 0.1025    243.5903  -31.7577  275.3480  275.3591  139.6384   -0.1574  135.8670
 0.1050    241.9784  -32.5661  274.5446  274.5556  139.6857   -0.2022  135.0610
 0.1075    240.3397  -33.3670  273.7066  273.7177  139.7234   -0.2477  134.2309
 0.1100    238.6744  -34.1602  272.8345  272.8456  139.7513   -0.2939  133.3772
 0.1125    236.9829  -34.9458  271.9287  271.9397  139.7694   -0.3411  132.5003
 0.1150    235.2656  -35.7238  270.9893  271.0003  139.7777   -0.3891  131.6007
 0.1175    233.5227  -36.4942  270.0169  270.0278  139.7761   -0.4380  130.6789
 0.1200    231.7547  -37.2569  269.0116  269.0225  139.7643   -0.4880  129.7353
 0.1225    229.9618  -38.0121  267.9739  267.9848  139.7425   -0.5389  128.7704
 0.1250    228.1443  -38.7597  266.9041  266.9149  139.7103   -0.5909  127.7847
 0.1275    226.3027  -39.4997  265.8024  265.8132  139.6676   -0.6440  126.7788
 0.1300    224.4372  -40.2321  264.6694  264.6801  139.6144   -0.6982  125.7532
 0.1325    222.5483  -40.9569  263.5052  263.5160  139.5503   -0.7536  124.7085
 0.1350    220.6364  -41.6741  262.3105  262.3211  139.4753   -0.8101  123.6452
 0.1375    218.7018  -42.3837  261.0855  261.0961  139.3892   -0.8678  122.5640
 0.1400    216.7450  -43.0857  259.8306  259.8412  139.2918   -0.9267  121.4655
 0.1425    214.7665  -43.7800  258.5465  258.5570  139.1829   -0.9867  120.3504
 0.1450    212.7669  -44.4667  257.2336  257.2440  139.0624   -1.0481  119.2193
 0.1475    210.7466  -45.1457  255.8924  255.9028  138.9300   -1.1106  118.0730
 0.1500    208.7063  -45.8171  254.5234  254.5338  138.7856   -1.1744  116.9122
 0.1525    206.6465  -46.4809  253.1274  253.1376  138.6291   -1.2395  115.7378
 0.1550    204.5679  -47.1369  251.7048  251.7150  138.4602   -1.3058  114.5504
 0.1575    202.4712  -47.7852  250.2565  250.2666  138.2788   -1.3733  113.3509
 0.1600    200.3571  -48.4259  248.7830  248.7931  138.0848   -1.4421  112.1402
 0.1625    198.2264  -49.0587  247.2851  247.2952  137.8781   -1.5121  110.9191
 0.1650    196.0799  -49.6838  245.7637  245.7737  137.6584   -1.5833  109.6886
 0.1675    193.9183  -50.3012  244.2195  244.2294  137.4258   -1.6557  108.4494
 0.1700    191.7426  -50.9107  242.6534  242.6632  137.1800   -1.7293  107.2027
 0.1725    189.5538  -51.5124  241.0662  241.0759  136.9211   -1.8041  105.9492
 0.1750    187.3526  -52.1063  239.4589  239.4685  136.6489   -1.8800  104.6899
 0.1775    185.1402  -52.6922  237.8324  237.8420  136.3635   -1.9571  103.4260
 0.1800    182.9175  -53.2703  236.1877  236.1972  136.0648   -2.0352  102.1582
 0.1825    180.6856  -53.8404  234.5259  234.5354  135.7527   -2.1144  100.8876
 0.1850    178.4455  -54.4025  232.8480  232.8574  135.4274   -2.1946   99.6153
 0.1875    176.1985  -54.9566  231.1551  231.1644  135.0888   -2.2759   98.3422
 0.1900    173.9456  -55.5027  229.4484  229.4576  134.7371   -2.3580   97.0693
 0.1925    171.6881  -56.0408  227.7288  227.7380  134.3723   -2.4411   95.7976
 0.1950    169.4270  -56.5707  225.9978  226.0068  133.9946   -2.5250   94.5281
 0.1975    167.1637  -57.0925  224.2563  224.2652  133.6041   -2.6097   93.2619
 0.2000    164.8994  -57.6062  222.5057  222.5145  133.2010   -2.6952   91.9999


 DIST  NH4:   FLUX      FEKM      FIKM      JNH3     JNKCC     JNHE3      GIKM    Na,K-ATP    JKCC    GIKS+GJK    JNH3
 0.0000     66.1479    0.9675   65.1804  -44.3293  159.2420 -101.8873    7.8256  -84.7993    7.2067   -0.2078   98.6516
 0.0025     65.3949    0.9006   64.4942  -44.5834  157.1118 -100.7277    8.1102  -83.2675    6.2539   -0.6519   97.5763
 0.0050     64.6594    0.8388   63.8206  -44.7799  154.9446  -99.4891    8.3651  -81.7634    5.3874   -1.0634   96.4802
 0.0075     63.9319    0.7816   63.1502  -44.9261  152.7372  -98.1807    8.5938  -80.2855    4.5977   -1.4452   95.3571
 0.0100     63.2082    0.7289   62.4793  -45.0249  150.4900  -96.8096    8.7989  -78.8323    3.8768   -1.7993   94.2092
 0.0125     62.4859    0.6802   61.8056  -45.0794  148.2061  -95.3829    8.9823  -77.4034    3.2181   -2.1278   93.0393
 0.0150     61.7636    0.6355   61.1281  -45.0922  145.8911  -93.9086    9.1456  -75.9986    2.6160   -2.4319   91.8506
 0.0175     61.0409    0.5943   60.4466  -45.0664  143.5525  -92.3957    9.2899  -74.6188    2.0657   -2.7132   90.6465
 0.0200     60.3182    0.5565   59.7618  -45.0053  141.1996  -90.8538    9.4159  -73.2652    1.5631   -2.9727   89.4312
 0.0225     59.5965    0.5217   59.0748  -44.9121  138.8435  -89.2931    9.5244  -71.9397    1.1046   -3.2114   88.2093
 0.0250     58.8776    0.4899   58.3877  -44.7902  136.4959  -87.7242    9.6161  -70.6445    0.6868   -3.4304   86.9856
 0.0275     58.1633    0.4606   57.7027  -44.6430  134.1692  -86.1580    9.6916  -69.3817    0.3069   -3.6307   85.7653
 0.0300     57.4562    0.4337   57.0225  -44.4739  131.8756  -84.6047    9.7515  -68.1537   -0.0381   -3.8132   84.5536
 0.0325     56.7585    0.4090   56.3495  -44.2861  129.6267  -83.0739    9.7967  -66.9626   -0.3506   -3.9790   83.3556
 0.0350     56.0728    0.3863   55.6864  -44.0829  127.4330  -81.5744    9.8279  -65.8100   -0.6333   -4.1292   82.1760
 0.0375     55.4010    0.3654   55.0357  -43.8671  125.3032  -80.1136    9.8460  -64.6972   -0.8886   -4.2647   81.0190
 0.0400     54.7452    0.3460   54.3992  -43.6412  123.2444  -78.6973    9.8520  -63.6248   -1.1187   -4.3867   79.8883
 0.0425     54.1069    0.3281   53.7788  -43.4075  121.2618  -77.3301    9.8470  -62.5930   -1.3259   -4.4963   78.7866
 0.0450     53.4871    0.3114   53.1757  -43.1680  119.3586  -76.0149    9.8320  -61.6014   -1.5124   -4.5945   77.7160
 0.0475     52.8866    0.2959   52.5907  -42.9242  117.5362  -74.7534    9.8079  -60.6489   -1.6802   -4.6824   76.6779
 0.0500     52.3056    0.2814   52.0242  -42.6775  115.7944  -73.5460    9.7758  -59.7343   -1.8310   -4.7609   75.6729
 0.0525     51.7440    0.2678   51.4763  -42.4288  114.1317  -72.3920    9.7366  -58.8558   -1.9668   -4.8310   74.7011
 0.0550     51.2016    0.2550   50.9466  -42.1788  112.5455  -71.2900    9.6911  -58.0115   -2.0890   -4.8936   73.7620
 0.0575     50.6776    0.2429   50.4347  -41.9280  111.0321  -70.2377    9.6403  -57.1992   -2.1992   -4.9494   72.8545
 0.0600     50.1713    0.2314   49.9398  -41.6768  109.5876  -69.2326    9.5848  -56.4166   -2.2988   -4.9993   71.9776
 0.0625     49.6815    0.2206   49.4609  -41.4254  108.2072  -68.2717    9.5253  -55.6614   -2.3889   -5.0438   71.1296
 0.0650     49.2073    0.2102   48.9970  -41.1738  106.8863  -67.3517    9.4624  -54.9314   -2.4707   -5.0836   70.3089
 0.0675     48.7474    0.2004   48.5471  -40.9220  105.6198  -66.4694    9.3966  -54.2243   -2.5451   -5.1192   69.5137
 0.0700     48.3008    0.1909   48.1099  -40.6699  104.4029  -65.6214    9.3283  -53.5379   -2.6131   -5.1511   68.7421
 0.0725     47.8661    0.1818   47.6843  -40.4173  103.2308  -64.8045    9.2580  -52.8702   -2.6754   -5.1797   67.9923
 0.0750     47.4422    0.1731   47.2692  -40.1641  102.0988  -64.0155    9.1859  -52.2193   -2.7328   -5.2054   67.2625
 0.0775     47.0281    0.1646   46.8635  -39.9101  101.0025  -63.2514    9.1124  -51.5833   -2.7858   -5.2285   66.5509
 0.0800     46.6225    0.1564   46.4661  -39.6552   99.9376  -62.5091    9.0376  -50.9605   -2.8351   -5.2493   65.8558
 0.0825     46.2246    0.1485   46.0762  -39.3991   98.9003  -61.7861    8.9619  -50.3494   -2.8811   -5.2681   65.1757
 0.0850     45.8334    0.1408   45.6926  -39.1416   97.8870  -61.0797    8.8853  -49.7486   -2.9242   -5.2851   64.5090
 0.0875     45.4479    0.1333   45.3147  -38.8825   96.8942  -60.3875    8.8079  -49.1569   -2.9649   -5.3004   63.8544
 0.0900     45.0674    0.1259   44.9415  -38.6218   95.9189  -59.7074    8.7300  -48.5730   -3.0035   -5.3143   63.2105
 0.0925     44.6912    0.1188   44.5724  -38.3593   94.9581  -59.0374    8.6516  -47.9958   -3.0403   -5.3269   62.5761
 0.0950     44.3184    0.1117   44.2067  -38.0948   94.0094  -58.3755    8.5728  -47.4246   -3.0755   -5.3383   61.9503
 0.0975     43.9487    0.1049   43.8438  -37.8282   93.0704  -57.7202    8.4936  -46.8584   -3.1094   -5.3486   61.3319
 0.1000     43.5813    0.0981   43.4831  -37.5595   92.1389  -57.0698    8.4140  -46.2964   -3.1421   -5.3579   60.7201
 0.1025     43.2158    0.0915   43.1243  -37.2885   91.2131  -56.4230    8.3342  -45.7381   -3.1739   -5.3663   60.1140
 0.1050     42.8517    0.0849   42.7668  -37.0153   90.2912  -55.7785    8.2540  -45.1829   -3.2049   -5.3738   59.5130
 0.1075     42.4887    0.0785   42.4102  -36.7398   89.3718  -55.1352    8.1736  -44.6302   -3.2352   -5.3805   58.9164
 0.1100     42.1265    0.0721   42.0543  -36.4619   88.4535  -54.4921    8.0930  -44.0797   -3.2650   -5.3864   58.3235
 0.1125     41.7646    0.0659   41.6987  -36.1816   87.5351  -53.8484    8.0120  -43.5309   -3.2943   -5.3916   57.7339
 0.1150     41.4029    0.0597   41.3432  -35.8990   86.6155  -53.2032    7.9309  -42.9836   -3.3232   -5.3960   57.1470
 0.1175     41.0411    0.0536   40.9875  -35.6140   85.6939  -52.5558    7.8494  -42.4375   -3.3518   -5.3998   56.5626
 0.1200     40.6789    0.0475   40.6314  -35.3266   84.7694  -51.9057    7.7677  -41.8923   -3.3801   -5.4029   55.9801
 0.1225     40.3163    0.0415   40.2748  -35.0370   83.8415  -51.2524    7.6857  -41.3480   -3.4083   -5.4052   55.3993
 0.1250     39.9530    0.0356   39.9174  -34.7450   82.9094  -50.5953    7.6033  -40.8043   -3.4362   -5.4069   54.8198
 0.1275     39.5890    0.0297   39.5593  -34.4508   81.9728  -49.9343    7.5207  -40.2611   -3.4640   -5.4079   54.2415
 0.1300     39.2241    0.0239   39.2001  -34.1544   81.0313  -49.2689    7.4378  -39.7185   -3.4917   -5.4082   53.6641
 0.1325     38.8581    0.0182   38.8399  -33.8558   80.0844  -48.5990    7.3545  -39.1763   -3.5192   -5.4078   53.0874
 0.1350     38.4911    0.0125   38.4786  -33.5551   79.1321  -47.9244    7.2709  -38.6345   -3.5466   -5.4067   52.5113
 0.1375     38.1228    0.0068   38.1160  -33.2523   78.1741  -47.2450    7.1869  -38.0931   -3.5739   -5.4048   51.9355
 0.1400     37.7534    0.0012   37.7522  -32.9475   77.2103  -46.5608    7.1026  -37.5521   -3.6010   -5.4022   51.3600
 0.1425     37.3826   -0.0043   37.3869  -32.6407   76.2407  -45.8717    7.0179  -37.0117   -3.6280   -5.3987   50.7847
 0.1450     37.0105   -0.0098   37.0203  -32.3320   75.2653  -45.1779    6.9328  -36.4717   -3.6549   -5.3945   50.2094
 0.1475     36.6370   -0.0152   36.6522  -32.0214   74.2841  -44.4793    6.8474  -35.9324   -3.6815   -5.3895   49.6341
 0.1500     36.2621   -0.0206   36.2827  -31.7091   73.2973  -43.7763    6.7616  -35.3938   -3.7079   -5.3835   49.0588
 0.1525     35.8857   -0.0258   35.9116  -31.3950   72.3050  -43.0689    6.6755  -34.8559   -3.7341   -5.3768   48.4833
 0.1550     35.5079   -0.0311   35.5389  -31.0792   71.3073  -42.3574    6.5890  -34.3190   -3.7600   -5.3690   47.9077
 0.1575     35.1285   -0.0362   35.1647  -30.7618   70.3045  -41.6420    6.5022  -33.7830   -3.7855   -5.3604   47.3319
 0.1600     34.7476   -0.0413   34.7889  -30.4428   69.2970  -40.9231    6.4150  -33.2482   -3.8107   -5.3508   46.7559
 0.1625     34.3652   -0.0463   34.4115  -30.1223   68.2849  -40.2009    6.3275  -32.7147   -3.8355   -5.3402   46.1796
 0.1650     33.9813   -0.0512   34.0325  -29.8003   67.2687  -39.4759    6.2397  -32.1826   -3.8599   -5.3285   45.6032
 0.1675     33.5959   -0.0560   33.6519  -29.4769   66.2486  -38.7485    6.1517  -31.6521   -3.8837   -5.3158   45.0265
 0.1700     33.2089   -0.0608   33.2697  -29.1522   65.2252  -38.0190    6.0635  -31.1232   -3.9069   -5.3021   44.4497
 0.1725     32.8205   -0.0654   32.8859  -28.8262   64.1988  -37.2879    5.9750  -30.5963   -3.9296   -5.2872   43.8728
 0.1750     32.4306   -0.0700   32.5006  -28.4990   63.1700  -36.5557    5.8863  -30.0714   -3.9516   -5.2712   43.2957
 0.1775     32.0393   -0.0744   32.1137  -28.1706   62.1391  -35.8229    5.7975  -29.5487   -3.9728   -5.2540   42.7186
 0.1800     31.6466   -0.0787   31.7254  -27.8411   61.1067  -35.0900    5.7087  -29.0284   -3.9933   -5.2356   42.1415
 0.1825     31.2526   -0.0830   31.3356  -27.5106   60.0733  -34.3575    5.6197  -28.5107   -4.0129   -5.2160   41.5645
 0.1850     30.8573   -0.0870   30.9443  -27.1791   59.0395  -33.6259    5.5308  -27.9957   -4.0316   -5.1951   40.9877
 0.1875     30.4608   -0.0910   30.5518  -26.8466   58.0058  -32.8959    5.4419  -27.4837   -4.0493   -5.1730   40.4112
 0.1900     30.0631   -0.0948   30.1580  -26.5134   56.9729  -32.1680    5.3530  -26.9747   -4.0660   -5.1497   39.8350
 0.1925     29.6644   -0.0985   29.7630  -26.1793   55.9412  -31.4426    5.2644  -26.4689   -4.0816   -5.1250   39.2592
 0.1950     29.2648   -0.1021   29.3668  -25.8446   54.9115  -30.7205    5.1759  -25.9666   -4.0961   -5.0990   38.6841
 0.1975     28.8642   -0.1055   28.9697  -25.5092   53.8842  -30.0022    5.0876  -25.4680   -4.1094   -5.0717   38.1096
 0.2000     28.4630   -0.1087   28.5717  -25.1733   52.8601  -29.2881    4.9997  -24.9731   -4.1214   -5.0431   37.5360


 DIST  Na:   FLUX      FEKM      FIKM     JNKCC     JNHE3    Na,K-ATP   JNAHS      JNAB
 0.0000    314.0830  -27.3796  341.4626  129.1928  212.2138  378.0095  -33.2322  -67.5199
 0.0025    312.6109  -27.6584  340.2693  129.9566  210.2567  376.9431  -33.3500  -67.7308
 0.0050    311.0782  -27.8900  338.9682  130.7043  208.2078  375.7799  -33.4769  -67.9607
 0.0075    309.5039  -28.0813  337.5851  131.4283  206.1008  374.5370  -33.6053  -68.1938
 0.0100    307.8910  -28.2332  336.1242  132.1275  203.9407  373.2173  -33.7343  -68.4280
 0.0125    306.2411  -28.3467  334.5878  132.8016  201.7303  371.8226  -33.8635  -68.6626
 0.0150    304.5561  -28.4226  332.9786  133.4501  199.4726  370.3554  -33.9925  -68.8968
 0.0175    302.8380  -28.4619  331.3000  134.0726  197.1714  368.8185  -34.1210  -69.1301
 0.0200    301.0896  -28.4661  329.5557  134.6688  194.8310  367.2154  -34.2487  -69.3618
 0.0225    299.3139  -28.4364  327.7503  135.2382  192.4563  365.5503  -34.3753  -69.5913
 0.0250    297.5141  -28.3747  325.8888  135.7804  190.0526  363.8277  -34.5003  -69.8181
 0.0275    295.6942  -28.2825  323.9767  136.2951  187.6259  362.0529  -34.6237  -70.0414
 0.0300    293.8579  -28.1619  322.0198  136.7820  185.1822  360.2314  -34.7450  -70.2609
 0.0325    292.0096  -28.0149  320.0245  137.2409  182.7281  358.3691  -34.8640  -70.4761
 0.0350    290.1534  -27.8436  317.9971  137.6716  180.2700  356.4721  -34.9806  -70.6865
 0.0375    288.2937  -27.6502  315.9439  138.0740  177.8145  354.5466  -35.0945  -70.8919
 0.0400    286.4345  -27.4370  313.8715  138.4482  175.3680  352.5989  -35.2057  -71.0921
 0.0425    284.5797  -27.2060  311.7858  138.7942  172.9364  350.6349  -35.3140  -71.2868
 0.0450    282.7331  -26.9595  309.6926  139.1122  170.5254  348.6604  -35.4195  -71.4762
 0.0475    280.8976  -26.6996  307.5971  139.4023  168.1399  346.6804  -35.5221  -71.6601
 0.0500    279.0761  -26.4282  305.5042  139.6648  165.7846  344.6999  -35.6219  -71.8388
 0.0525    277.2707  -26.1472  303.4179  139.9000  163.4632  342.7229  -35.7190  -72.0123
 0.0550    275.4831  -25.8585  301.3416  140.1082  161.1788  340.7530  -35.8135  -72.1809
 0.0575    273.7143  -25.5636  299.2780  140.2898  158.9337  338.7930  -35.9054  -72.3449
 0.0600    271.9650  -25.2641  297.2292  140.4450  156.7298  336.8452  -35.9951  -72.5046
 0.0625    270.2352  -24.9613  295.1965  140.5742  154.5681  334.9111  -36.0826  -72.6603
 0.0650    268.5244  -24.6565  293.1809  140.6777  152.4491  332.9918  -36.1682  -72.8123
 0.0675    266.8316  -24.3507  291.1824  140.7559  150.3726  331.0875  -36.2520  -72.9611
 0.0700    265.1558  -24.0450  289.2008  140.8088  148.3382  329.1983  -36.3342  -73.1069
 0.0725    263.4951  -23.7402  287.2353  140.8368  146.3448  327.3236  -36.4149  -73.2502
 0.0750    261.8477  -23.4371  285.2848  140.8402  144.3911  325.4624  -36.4945  -73.3912
 0.0775    260.2116  -23.1363  283.3479  140.8189  142.4756  323.6134  -36.5729  -73.5302
 0.0800    258.5843  -22.8385  281.4228  140.7732  140.5963  321.7753  -36.6504  -73.6676
 0.0825    256.9636  -22.5441  279.5077  140.7032  138.7514  319.9462  -36.7272  -73.8037
 0.0850    255.3469  -22.2536  277.6005  140.6090  136.9385  318.1242  -36.8033  -73.9385
 0.0875    253.7317  -21.9673  275.6991  140.4907  135.1557  316.3074  -36.8789  -74.0724
 0.0900    252.1156  -21.6857  273.8013  140.3481  133.4005  314.4937  -36.9541  -74.2056
 0.0925    250.4959  -21.4090  271.9049  140.1815  131.6709  312.6809  -37.0290  -74.3382
 0.0950    248.8704  -21.1374  270.0078  139.9909  129.9646  310.8672  -37.1036  -74.4703
 0.0975    247.2367  -20.8711  268.1078  139.7761  128.2796  309.0503  -37.1780  -74.6021
 0.1000    245.5926  -20.6104  266.2030  139.5372  126.6138  307.2283  -37.2522  -74.7336
 0.1025    243.9359  -20.3554  264.2913  139.2743  124.9652  305.3994  -37.3264  -74.8648
 0.1050    242.2648  -20.1062  262.3710  138.9873  123.3320  303.5617  -37.4005  -74.9959
 0.1075    240.5774  -19.8630  260.4403  138.6762  121.7126  301.7136  -37.4745  -75.1268
 0.1100    238.8720  -19.6258  258.4978  138.3411  120.1054  299.8535  -37.5485  -75.2574
 0.1125    237.1473  -19.3948  256.5420  137.9820  118.5089  297.9801  -37.6224  -75.3879
 0.1150    235.4017  -19.1700  254.5718  137.5989  116.9218  296.0921  -37.6962  -75.5181
 0.1175    233.6343  -18.9516  252.5859  137.1919  115.3431  294.1883  -37.7699  -75.6479
 0.1200    231.8439  -18.7397  250.5836  136.7611  113.7717  292.2680  -37.8435  -75.7773
 0.1225    230.0298  -18.5342  248.5640  136.3067  112.2068  290.3302  -37.9169  -75.9063
 0.1250    228.1913  -18.3352  246.5266  135.8286  110.6476  288.3743  -37.9901  -76.0346
 0.1275    226.3280  -18.1430  244.4709  135.3273  109.0935  286.3999  -38.0630  -76.1623
 0.1300    224.4394  -17.9574  242.3968  134.8027  107.5440  284.4066  -38.1356  -76.2891
 0.1325    222.5254  -17.7786  240.3040  134.2553  105.9989  282.3942  -38.2077  -76.4149
 0.1350    220.5860  -17.6067  238.1927  133.6851  104.4578  280.3629  -38.2795  -76.5397
 0.1375    218.6213  -17.4417  236.0630  133.0927  102.9207  278.3125  -38.3507  -76.6632
 0.1400    216.6315  -17.2837  233.9152  132.4783  101.3876  276.2435  -38.4213  -76.7855
 0.1425    214.6171  -17.1327  231.7499  131.8423   99.8584  274.1561  -38.4913  -76.9062
 0.1450    212.5785  -16.9890  229.5675  131.1851   98.3334  272.0510  -38.5605  -77.0252
 0.1475    210.5165  -16.8524  227.3689  130.5072   96.8127  269.9286  -38.6290  -77.1425
 0.1500    208.4316  -16.7231  225.1548  129.8092   95.2968  267.7899  -38.6965  -77.2579
 0.1525    206.3249  -16.6012  222.9261  129.0916   93.7860  265.6356  -38.7632  -77.3713
 0.1550    204.1972  -16.4868  220.6840  128.3550   92.2806  263.4667  -38.8288  -77.4824
 0.1575    202.0497  -16.3798  218.4295  127.6001   90.7812  261.2842  -38.8934  -77.5912
 0.1600    199.8834  -16.2804  216.1638  126.8274   89.2883  259.0893  -38.9567  -77.6976
 0.1625    197.6996  -16.1886  213.8882  126.0379   87.8025  256.8831  -39.0189  -77.8014
 0.1650    195.4996  -16.1045  211.6041  125.2321   86.3243  254.6670  -39.0798  -77.9025
 0.1675    193.2847  -16.0282  209.3129  124.4109   84.8544  252.4423  -39.1394  -78.0008
 0.1700    191.0563  -15.9596  207.0159  123.5752   83.3934  250.2104  -39.1976  -78.0961
 0.1725    188.8160  -15.8989  204.7149  122.7258   81.9419  247.9727  -39.2543  -78.1885
 0.1750    186.5651  -15.8460  202.4112  121.8636   80.5006  245.7308  -39.3095  -78.2777
 0.1775    184.3054  -15.8010  200.1064  120.9895   79.0701  243.4860  -39.3631  -78.3638
 0.1800    182.0383  -15.7639  197.8022  120.1044   77.6512  241.2401  -39.4151  -78.4466
 0.1825    179.7654  -15.7348  195.5001  119.2094   76.2443  238.9945  -39.4655  -78.5260
 0.1850    177.4883  -15.7135  193.2018  118.3053   74.8502  236.7508  -39.5142  -78.6020
 0.1875    175.2086  -15.7002  190.9088  117.3932   73.4695  234.5106  -39.5612  -78.6746
 0.1900    172.9280  -15.6947  188.6227  116.4741   72.1027  232.2753  -39.6064  -78.7436
 0.1925    170.6481  -15.6971  186.3452  115.5490   70.7505  230.0467  -39.6499  -78.8091
 0.1950    168.3704  -15.7073  184.0776  114.6188   69.4134  227.8260  -39.6915  -78.8710
 0.1975    166.0964  -15.7252  181.8217  113.6846   68.0918  225.6150  -39.7313  -78.9293
 0.2000    163.8278  -15.7509  179.5787  112.7473   66.7863  223.4149  -39.7693  -78.9839


 DIST  K:     FLUX      FEKM      FIKM     JNKCC      GIKM    Na,K-ATP    JKCC    GIKS+GJK
 0.0000      4.7209    3.5434    1.1775  -21.8771   23.0546 -168.4496  112.9782   56.6490
 0.0025      6.2539    3.5241    2.7298  -19.7028   22.4325 -169.0086  114.5310   57.2074
 0.0050      7.7745    3.5008    4.2737  -17.4729   21.7466 -169.4875  116.0341   57.7271
 0.0075      9.2612    3.4738    5.7874  -15.2204   21.0078 -169.8979  117.4838   58.2015
 0.0100     10.7118    3.4434    7.2684  -12.9502   20.2185 -170.2416  118.8801   58.6298
 0.0125     12.1248    3.4096    8.7152  -10.6655   19.3808 -170.5202  120.2237   59.0117
 0.0150     13.4990    3.3725   10.1265   -8.3702   18.4967 -170.7351  121.5151   59.3465
 0.0175     14.8326    3.3322   11.5004   -6.0680   17.5684 -170.8884  122.7549   59.6339
 0.0200     16.1238    3.2888   12.8350   -3.7637   16.5987 -170.9819  123.9438   59.8731
 0.0225     17.3706    3.2425   14.1280   -1.4619   15.5900 -171.0181  125.0823   60.0638
 0.0250     18.5707    3.1934   15.3773    0.8319   14.5453 -170.9993  126.1714   60.2052
 0.0275     19.7218    3.1416   16.5802    3.1125   13.4677 -170.9283  127.2117   60.2968
 0.0300     20.8217    3.0871   17.7345    5.3742   12.3603 -170.8081  128.2044   60.3382
 0.0325     21.8679    3.0302   18.8376    7.6114   11.2262 -170.6418  129.1504   60.3291
 0.0350     22.8582    2.9710   19.8872    9.8185   10.0687 -170.4327  130.0509   60.2691
 0.0375     23.7907    2.9095   20.8812   11.9901    8.8911 -170.1842  130.9073   60.1581
 0.0400     24.6636    2.8460   21.8176   14.1211    7.6965 -169.8995  131.7210   59.9961
 0.0425     25.4753    2.7805   22.6948   16.2068    6.4881 -169.5822  132.4936   59.7834
 0.0450     26.2248    2.7132   23.5116   18.2430    5.2686 -169.2354  133.2267   59.5203
 0.0475     26.9112    2.6442   24.2670   20.2261    4.0409 -168.8624  133.9220   59.2074
 0.0500     27.5342    2.5736   24.9606   22.1531    2.8075 -168.4660  134.5813   58.8454
 0.0525     28.0939    2.5016   25.5923   24.0213    1.5710 -168.0492  135.2063   58.4352
 0.0550     28.5907    2.4283   26.1624   25.8291    0.3333 -167.6142  135.7988   57.9779
 0.0575     29.0256    2.3539   26.6717   27.5752   -0.9036 -167.1635  136.3605   57.4746
 0.0600     29.3996    2.2784   27.1212   29.2590   -2.1378 -166.6988  136.8932   56.9268
 0.0625     29.7144    2.2020   27.5124   30.8802   -3.3678 -166.2219  137.3985   56.3358
 0.0650     29.9717    2.1247   27.8470   32.4393   -4.5923 -165.7341  137.8780   55.7031
 0.0675     30.1737    2.0468   28.1269   33.9370   -5.8101 -165.2366  138.3332   55.0303
 0.0700     30.3226    1.9683   28.3543   35.3744   -7.0201 -164.7301  138.7654   54.3190
 0.0725     30.4207    1.8893   28.5314   36.7529   -8.2215 -164.2153  139.1759   53.5708
 0.0750     30.4707    1.8099   28.6607   38.0741   -9.4133 -163.6926  139.5660   52.7874
 0.0775     30.4750    1.7303   28.7447   39.3398  -10.5951 -163.1622  139.9366   51.9704
 0.0800     30.4364    1.6504   28.7860   40.5520  -11.7661 -162.6242  140.2888   51.1214
 0.0825     30.3574    1.5705   28.7870   41.7128  -12.9258 -162.0785  140.6234   50.2421
 0.0850     30.2408    1.4905   28.7503   42.8242  -14.0739 -161.5248  140.9412   49.3339
 0.0875     30.0889    1.4106   28.6784   43.8883  -15.2099 -160.9630  141.2428   48.3985
 0.0900     29.9045    1.3308   28.5737   44.9073  -16.3336 -160.3926  141.5289   47.4374
 0.0925     29.6898    1.2512   28.4386   45.8832  -17.4445 -159.8132  141.8000   46.4518
 0.0950     29.4473    1.1719   28.2754   46.8180  -18.5426 -159.2244  142.0564   45.4434
 0.0975     29.1792    1.0929   28.0863   47.7137  -19.6274 -158.6256  142.2985   44.4134
 0.1000     28.8876    1.0143   27.8732   48.5721  -20.6989 -158.0164  142.5266   43.3631
 0.1025     28.5745    0.9362   27.6383   49.3950  -21.7567 -157.3964  142.7408   42.2939
 0.1050     28.2418    0.8586   27.3832   50.1841  -22.8009 -156.7649  142.9413   41.2069
 0.1075     27.8914    0.7815   27.1099   50.9409  -23.8310 -156.1217  143.1282   40.1033
 0.1100     27.5249    0.7051   26.8198   51.6669  -24.8471 -155.4662  143.3015   38.9844
 0.1125     27.1438    0.6293   26.5145   52.3634  -25.8489 -154.7980  143.4613   37.8512
 0.1150     26.7496    0.5543   26.1954   53.0317  -26.8364 -154.1168  143.6074   36.7049
 0.1175     26.3437    0.4799   25.8638   53.6730  -27.8092 -153.4224  143.7397   35.5465
 0.1200     25.9273    0.4064   25.5209   54.2883  -28.7674 -152.7144  143.8581   34.3771
 0.1225     25.5015    0.3337   25.1678   54.8785  -29.7107 -151.9926  143.9625   33.1979
 0.1250     25.0674    0.2619   24.8055   55.4445  -30.6390 -151.2569  144.0526   32.0098
 0.1275     24.6260    0.1910   24.4350   55.9871  -31.5521 -150.5073  144.1283   30.8139
 0.1300     24.1781    0.1210   24.0570   56.5070  -32.4499 -149.7437  144.1894   29.6113
 0.1325     23.7245    0.0520   23.6725   57.0048  -33.3323 -148.9660  144.2355   28.4031
 0.1350     23.2661   -0.0160   23.2821   57.4812  -34.1991 -148.1745  144.2664   27.1902
 0.1375     22.8035   -0.0829   22.8865   57.9366  -35.0501 -147.3692  144.2819   25.9738
 0.1400     22.3374   -0.1488   22.4863   58.3715  -35.8853 -146.5504  144.2817   24.7549
 0.1425     21.8684   -0.2136   22.0820   58.7864  -36.7044 -145.7182  144.2655   23.5348
 0.1450     21.3970   -0.2772   21.6743   59.1816  -37.5073 -144.8731  144.2330   22.3144
 0.1475     20.9238   -0.3397   21.2636   59.5575  -38.2940 -144.0154  144.1841   21.0949
 0.1500     20.4493   -0.4010   20.8503   59.9145  -39.0642 -143.1454  144.1183   19.8774
 0.1525     19.9739   -0.4612   20.4350   60.2529  -39.8178 -142.2638  144.0356   18.6632
 0.1550     19.4981   -0.5200   20.0181   60.5729  -40.5548 -141.3709  143.9356   17.4534
 0.1575     19.0224   -0.5776   19.6000   60.8750  -41.2750 -140.4674  143.8182   16.2492
 0.1600     18.5471   -0.6340   19.1811   61.1593  -41.9782 -139.5538  143.6832   15.0517
 0.1625     18.0727   -0.6890   18.7618   61.4263  -42.6645 -138.6309  143.5304   13.8622
 0.1650     17.5997   -0.7428   18.3425   61.6762  -43.3337 -137.6992  143.3597   12.6819
 0.1675     17.1284   -0.7952   17.9236   61.9094  -43.9858 -136.7594  143.1710   11.5120
 0.1700     16.6592   -0.8463   17.5054   62.1261  -44.6207 -135.8125  142.9642   10.3537
 0.1725     16.1925   -0.8960   17.0885   62.3268  -45.2383 -134.8590  142.7392    9.2082
 0.1750     15.7287   -0.9444   16.6731   62.5117  -45.8386 -133.8998  142.4962    8.0766
 0.1775     15.2683   -0.9913   16.2597   62.6813  -46.4216 -132.9356  142.2351    6.9602
 0.1800     14.8117   -1.0369   15.8486   62.8359  -46.9873 -131.9674  141.9560    5.8600
 0.1825     14.3591   -1.0811   15.4402   62.9759  -47.5356 -130.9960  141.6591    4.7771
 0.1850     13.9111   -1.1240   15.0351   63.1018  -48.0667 -130.0222  141.3445    3.7127
 0.1875     13.4680   -1.1654   14.6334   63.2139  -48.5805 -129.0467  141.0125    2.6677
 0.1900     13.0303   -1.2054   14.2357   63.3128  -49.0771 -128.0706  140.6632    1.6431
 0.1925     12.5982   -1.2441   13.8423   63.3988  -49.5566 -127.0946  140.2971    0.6398
 0.1950     12.1722   -1.2813   13.4536   63.4726  -50.0190 -126.1196  139.9144   -0.3412
 0.1975     11.7527   -1.3172   13.0699   63.5345  -50.4645 -125.1463  139.5155   -1.2993
 0.2000     11.3400   -1.3518   12.6918   63.5851  -50.8933 -124.1756  139.1009   -2.2336


 DIST  Cl:   FLUX      FEKM      FIKM     JNKCC      JKCC      JCLB    GIKS+GJK
 0.0000    277.8485   19.4704  258.3781  258.3855  116.4645    2.0324  139.8813
 0.0025    278.2943   18.3886  259.9056  259.9131  117.6029    1.9727  140.3300
 0.0050    278.6946   17.2937  261.4009  261.4085  118.7063    1.9139  140.7807
 0.0075    279.0371   16.1884  262.8487  262.8565  119.7725    1.8546  141.2217
 0.0100    279.3203   15.0733  264.2471  264.2550  120.8013    1.7947  141.6511
 0.0125    279.5439   13.9488  265.5951  265.6031  121.7931    1.7343  142.0676
 0.0150    279.7074   12.8154  266.8920  266.9002  122.7483    1.6735  142.4702
 0.0175    279.8108   11.6738  268.1370  268.1453  123.6672    1.6123  142.8575
 0.0200    279.8537   10.5245  269.3292  269.3376  124.5502    1.5508  143.2282
 0.0225    279.8361    9.3683  270.4678  270.4764  125.3977    1.4891  143.5809
 0.0250    279.7580    8.2059  271.5521  271.5608  126.2104    1.4273  143.9144
 0.0275    279.6195    7.0381  272.5814  272.5902  126.9887    1.3655  144.2272
 0.0300    279.4208    5.8657  273.5551  273.5640  127.7333    1.3038  144.5180
 0.0325    279.1625    4.6898  274.4727  274.4818  128.4450    1.2422  144.7855
 0.0350    278.8451    3.5111  275.3340  275.3432  129.1247    1.1810  145.0284
 0.0375    278.4695    2.3307  276.1388  276.1481  129.7732    1.1200  145.2455
 0.0400    278.0364    1.1494  276.8870  276.8964  130.3917    1.0595  145.4358
 0.0425    277.5471   -0.0318  277.5789  277.5884  130.9812    0.9996  145.5982
 0.0450    277.0027   -1.2120  278.2147  278.2243  131.5428    0.9401  145.7317
 0.0475    276.4044   -2.3904  278.7948  278.8045  132.0778    0.8813  145.8356
 0.0500    275.7536   -3.5661  279.3197  279.3295  132.5874    0.8232  145.9091
 0.0525    275.0516   -4.7384  279.7900  279.8000  133.0728    0.7657  145.9516
 0.0550    274.2998   -5.9066  280.2064  280.2164  133.5352    0.7088  145.9624
 0.0575    273.4995   -7.0699  280.5694  280.5795  133.9758    0.6527  145.9410
 0.0600    272.6519   -8.2279  280.8798  280.8900  134.3957    0.5972  145.8870
 0.0625    271.7583   -9.3798  281.1382  281.1484  134.7959    0.5423  145.8000
 0.0650    270.8198  -10.5253  281.3451  281.3555  135.1777    0.4879  145.6796
 0.0675    269.8374  -11.6639  281.5013  281.5117  135.5417    0.4341  145.5255
 0.0700    268.8120  -12.7951  281.6071  281.6176  135.8890    0.3807  145.3374
 0.0725    267.7445  -13.9186  281.6631  281.6737  136.2203    0.3277  145.1151
 0.0750    266.6356  -15.0341  281.6697  281.6803  136.5363    0.2751  144.8583
 0.0775    265.4859  -16.1413  281.6271  281.6378  136.8377    0.2226  144.5667
 0.0800    264.2959  -17.2398  281.5357  281.5465  137.1250    0.1704  144.2403
 0.0825    263.0661  -18.3296  281.3957  281.4065  137.3987    0.1181  143.8789
 0.0850    261.7969  -19.4103  281.2072  281.2181  137.6591    0.0659  143.4822
 0.0875    260.4887  -20.4817  280.9704  280.9813  137.9067    0.0136  143.0502
 0.0900    259.1416  -21.5438  280.6854  280.6963  138.1417   -0.0390  142.5827
 0.0925    257.7558  -22.5963  280.3521  280.3631  138.3642   -0.0918  142.0797
 0.0950    256.3316  -23.6391  279.9707  279.9817  138.5745   -0.1449  141.5411
 0.0975    254.8691  -24.6720  279.5412  279.5522  138.7727   -0.1985  140.9670
 0.1000    253.3685  -25.6949  279.0634  279.0745  138.9587   -0.2526  140.3573
 0.1025    251.8298  -26.7078  278.5376  278.5486  139.1327   -0.3073  139.7121
 0.1050    250.2532  -27.7104  277.9635  277.9746  139.2946   -0.3626  139.0315
 0.1075    248.6388  -28.7026  277.3414  277.3525  139.4442   -0.4186  138.3158
 0.1100    246.9867  -29.6844  276.6711  276.6822  139.5816   -0.4754  137.5650
 0.1125    245.2972  -30.6557  275.9529  275.9640  139.7065   -0.5330  136.7795
 0.1150    243.5704  -31.6163  275.1867  275.1978  139.8188   -0.5916  135.9595
 0.1175    241.8066  -32.5661  274.3728  274.3838  139.9183   -0.6510  135.1054
 0.1200    240.0061  -33.5051  273.5112  273.5223  140.0049   -0.7114  134.2178
 0.1225    238.1691  -34.4331  272.6023  272.6133  140.0782   -0.7729  133.2969
 0.1250    236.2962  -35.3501  271.6463  271.6573  140.1381   -0.8353  132.3435
 0.1275    234.3876  -36.2559  270.6435  270.6545  140.1842   -0.8989  131.3582
 0.1300    232.4440  -37.1504  269.5945  269.6054  140.2164   -0.9635  130.3416
 0.1325    230.4659  -38.0336  268.4996  268.5105  140.2344   -1.0293  129.2945
 0.1350    228.4540  -38.9054  267.3594  267.3703  140.2378   -1.0962  128.2178
 0.1375    226.4090  -39.7656  266.1745  266.1854  140.2265   -1.1642  127.1123
 0.1400    224.3316  -40.6141  264.9457  264.9565  140.2001   -1.2334  125.9790
 0.1425    222.2228  -41.4510  263.6738  263.6845  140.1584   -1.3037  124.8191
 0.1450    220.0835  -42.2760  262.3595  262.3702  140.1011   -1.3752  123.6336
 0.1475    217.9147  -43.0891  261.0038  261.0145  140.0280   -1.4478  122.4236
 0.1500    215.7176  -43.8903  259.6079  259.6185  139.9389   -1.5216  121.1906
 0.1525    213.4933  -44.6794  258.1727  258.1833  139.8335   -1.5964  119.9357
 0.1550    211.2432  -45.4564  256.6996  256.7101  139.7116   -1.6723  118.6603
 0.1575    208.9686  -46.2212  255.1897  255.2001  139.5731   -1.7493  117.3660
 0.1600    206.6708  -46.9737  253.6445  253.6549  139.4177   -1.8273  116.0541
 0.1625    204.3515  -47.7139  252.0654  252.0757  139.2455   -1.9064  114.7263
 0.1650    202.0122  -48.4418  250.4540  250.4642  139.0562   -1.9864  113.3841
 0.1675    199.6545  -49.1572  248.8117  248.8219  138.8499   -2.0673  112.0291
 0.1700    197.2801  -49.8603  247.1404  247.1504  138.6264   -2.1491  110.6630
 0.1725    194.8908  -50.5508  245.4416  245.4516  138.3859   -2.2317  109.2874
 0.1750    192.4884  -51.2289  243.7173  243.7272  138.1283   -2.3151  107.9041
 0.1775    190.0747  -51.8945  241.9691  241.9789  137.8537   -2.3993  106.5147
 0.1800    187.6516  -52.5475  240.1991  240.2088  137.5623   -2.4841  105.1209
 0.1825    185.2210  -53.1881  238.4091  238.4187  137.2542   -2.5695  103.7245
 0.1850    182.7848  -53.8162  236.6011  236.6106  136.9296   -2.6556  102.3270
 0.1875    180.3451  -54.4319  234.7770  234.7865  136.5888   -2.7421  100.9303
 0.1900    177.9037  -55.0352  232.9389  232.9482  136.2321   -2.8290   99.5358
 0.1925    175.4626  -55.6261  231.0886  231.0979  135.8598   -2.9163   98.1451
 0.1950    173.0237  -56.2047  229.2284  229.2376  135.4724   -3.0040   96.7600
 0.1975    170.5889  -56.7711  227.3600  227.3691  135.0702   -3.0919   95.3817
 0.2000    168.1602  -57.3253  225.4856  225.4946  134.6537   -3.1799   94.0118


 DIST  NH4:   FLUX      FEKM      FIKM      JNH3     JNKCC     JNHE3      GIKM    Na,K-ATP    JKCC    GIKS+GJK    JNH3
 0.0000     66.5809    2.1514   64.4294  -23.7549  151.0698 -103.6490   17.0086  -83.6827    3.4863   -0.2101  121.0811
 0.0025     66.4487    2.0479   64.4008  -25.3794  149.6593 -102.1170   16.8584  -82.4125    3.0720   -0.5204  118.8823
 0.0050     66.2423    1.9489   64.2935  -26.7684  148.1772 -100.5955   16.7118  -81.1577    2.6722   -0.8201  116.8307
 0.0075     65.9970    1.8545   64.1425  -28.0367  146.6486  -99.0731   16.5669  -79.9183    2.2887   -1.1077  114.8431
 0.0100     65.7167    1.7648   63.9519  -29.1983  145.0777  -97.5485   16.4228  -78.6943    1.9211   -1.3832  112.9100
 0.0125     65.4034    1.6793   63.7241  -30.2602  143.4671  -96.0219   16.2789  -77.4855    1.5694   -1.6469  111.0269
 0.0150     65.0591    1.5980   63.4611  -31.2286  141.8202  -94.4937   16.1346  -76.2919    1.2332   -1.8989  109.1901
 0.0175     64.6857    1.5206   63.1651  -32.1093  140.1407  -92.9650   15.9894  -75.1135    0.9122   -2.1394  107.3965
 0.0200     64.2853    1.4470   62.8383  -32.9077  138.4325  -91.4370   15.8428  -73.9507    0.6064   -2.3686  105.6436
 0.0225     63.8599    1.3769   62.4830  -33.6290  136.7001  -89.9114   15.6943  -72.8040    0.3154   -2.5866  103.9291
 0.0250     63.4116    1.3102   62.1014  -34.2783  134.9485  -88.3905   15.5434  -71.6738    0.0390   -2.7936  102.2515
 0.0275     62.9428    1.2467   61.6960  -34.8603  133.1826  -86.8765   15.3899  -70.5610   -0.2231   -2.9897  100.6095
 0.0300     62.4555    1.1863   61.2692  -35.3796  131.4078  -85.3720   15.2334  -69.4662   -0.4711   -3.1753   99.0022
 0.0325     61.9522    1.1288   60.8233  -35.8404  129.6295  -83.8799   15.0738  -68.3903   -0.7054   -3.3505   97.4291
 0.0350     61.4349    1.0740   60.3609  -36.2470  127.8531  -82.4029   14.9107  -67.3341   -0.9262   -3.5155   95.8897
 0.0375     60.9061    1.0218   59.8842  -36.6034  126.0840  -80.9440   14.7443  -66.2984   -1.1341   -3.6707   94.3840
 0.0400     60.3678    0.9721   59.3957  -36.9133  124.3271  -79.5059   14.5745  -65.2840   -1.3293   -3.8163   92.9120
 0.0425     59.8222    0.9246   58.8976  -37.1803  122.5874  -78.0912   14.4013  -64.2913   -1.5125   -3.9527   91.4737
 0.0450     59.2712    0.8793   58.3919  -37.4078  120.8691  -76.7021   14.2249  -63.3210   -1.6839   -4.0802   90.0693
 0.0475     58.7167    0.8360   57.8807  -37.5988  119.1761  -75.3409   14.0455  -62.3735   -1.8442   -4.1992   88.6988
 0.0500     58.1604    0.7946   57.3658  -37.7564  117.5117  -74.0093   13.8634  -61.4488   -1.9939   -4.3102   87.3622
 0.0525     57.6038    0.7550   56.8489  -37.8833  115.8787  -72.7085   13.6787  -60.5470   -2.1335   -4.4136   86.0595
 0.0550     57.0483    0.7170   56.3313  -37.9820  114.2791  -71.4397   13.4919  -59.6680   -2.2636   -4.5097   84.7905
 0.0575     56.4950    0.6807   55.8144  -38.0548  112.7145  -70.2034   13.3033  -58.8114   -2.3847   -4.5990   83.5547
 0.0600     55.9449    0.6458   55.2992  -38.1038  111.1860  -69.0000   13.1131  -57.9769   -2.4976   -4.6819   82.3518
 0.0625     55.3987    0.6122   54.7865  -38.1308  109.6940  -67.8292   12.9217  -57.1638   -2.6026   -4.7588   81.1810
 0.0650     54.8571    0.5800   54.2771  -38.1376  108.2384  -66.6909   12.7295  -56.3714   -2.7004   -4.8302   80.0415
 0.0675     54.3205    0.5490   53.7714  -38.1257  106.8188  -65.5842   12.5368  -55.5988   -2.7915   -4.8965   78.9325
 0.0700     53.7891    0.5192   53.2699  -38.0965  105.4344  -64.5084   12.3439  -54.8452   -2.8764   -4.9579   77.8529
 0.0725     53.2631    0.4904   52.7727  -38.0512  104.0840  -63.4622   12.1510  -54.1095   -2.9556   -5.0150   76.8016
 0.0750     52.7426    0.4627   52.2800  -37.9909  102.7661  -62.4445   11.9584  -53.3908   -3.0296   -5.0679   75.7773
 0.0775     52.2275    0.4359   51.7916  -37.9166  101.4791  -61.4539   11.7664  -52.6879   -3.0989   -5.1170   74.7789
 0.0800     51.7175    0.4100   51.3076  -37.8290  100.2212  -60.4889   11.5752  -51.9999   -3.1638   -5.1627   73.8049
 0.0825     51.2125    0.3849   50.8276  -37.7290   98.9905  -59.5479   11.3850  -51.3256   -3.2247   -5.2051   72.8540
 0.0850     50.7122    0.3607   50.3515  -37.6173   97.7849  -58.6293   11.1960  -50.6640   -3.2820   -5.2446   71.9248
 0.0875     50.2162    0.3373   49.8789  -37.4943   96.6023  -57.7316   11.0082  -50.0140   -3.3361   -5.2813   71.0160
 0.0900     49.7241    0.3146   49.4095  -37.3607   95.4409  -56.8532   10.8219  -49.3747   -3.3873   -5.3154   70.1263
 0.0925     49.2356    0.2926   48.9430  -37.2168   94.2984  -55.9924   10.6371  -48.7450   -3.4358   -5.3472   69.2542
 0.0950     48.7502    0.2713   48.4790  -37.0632   93.1728  -55.1478   10.4539  -48.1240   -3.4819   -5.3768   68.3985
 0.0975     48.2676    0.2506   48.0170  -36.9002   92.0624  -54.3179   10.2725  -47.5109   -3.5258   -5.4044   67.5579
 0.1000     47.7872    0.2305   47.5567  -36.7281   90.9651  -53.5013   10.0929  -46.9048   -3.5678   -5.4300   66.7312
 0.1025     47.3087    0.2110   47.0977  -36.5472   89.8793  -52.6966    9.9151  -46.3050   -3.6081   -5.4538   65.9173
 0.1050     46.8318    0.1921   46.6397  -36.3579   88.8032  -51.9026    9.7391  -45.7107   -3.6467   -5.4758   65.1150
 0.1075     46.3560    0.1738   46.1822  -36.1604   87.7353  -51.1181    9.5651  -45.1213   -3.6840   -5.4963   64.3234
 0.1100     45.8810    0.1559   45.7251  -35.9549   86.6742  -50.3421    9.3929  -44.5361   -3.7200   -5.5151   63.5415
 0.1125     45.4065    0.1387   45.2678  -35.7417   85.6186  -49.5735    9.2227  -43.9547   -3.7548   -5.5325   62.7682
 0.1150     44.9322    0.1219   44.8103  -35.5209   84.5672  -48.8113    9.0545  -43.3766   -3.7886   -5.5484   62.0029
 0.1175     44.4578    0.1056   44.3522  -35.2930   83.5189  -48.0549    8.8882  -42.8013   -3.8214   -5.5629   61.2447
 0.1200     43.9831    0.0898   43.8933  -35.0579   82.4729  -47.3035    8.7239  -42.2284   -3.8532   -5.5759   60.4929
 0.1225     43.5079    0.0744   43.4334  -34.8161   81.4282  -46.5563    8.5615  -41.6576   -3.8843   -5.5876   59.7469
 0.1250     43.0320    0.0596   42.9724  -34.5676   80.3842  -45.8129    8.4011  -41.0887   -3.9146   -5.5980   59.0061
 0.1275     42.5553    0.0451   42.5101  -34.3127   79.3402  -45.0727    8.2427  -40.5214   -3.9441   -5.6069   58.2699
 0.1300     42.0776    0.0312   42.0464  -34.0516   78.2958  -44.3355    8.0862  -39.9555   -3.9730   -5.6145   57.5379
 0.1325     41.5989    0.0176   41.5813  -33.7845   77.2504  -43.6007    7.9316  -39.3909   -4.0011   -5.6208   56.8097
 0.1350     41.1192    0.0046   41.1146  -33.5116   76.2040  -42.8683    7.7790  -38.8275   -4.0286   -5.6257   56.0848
 0.1375     40.6384   -0.0081   40.6465  -33.2332   75.1561  -42.1380    7.6283  -38.2652   -4.0554   -5.6292   55.3631
 0.1400     40.1564   -0.0203   40.1767  -32.9494   74.1067  -41.4096    7.4796  -37.7040   -4.0816   -5.6313   54.6443
 0.1425     39.6734   -0.0321   39.7055  -32.6605   73.0559  -40.6832    7.3328  -37.1439   -4.1071   -5.6320   53.9281
 0.1450     39.1893   -0.0435   39.2329  -32.3667   72.0035  -39.9586    7.1880  -36.5849   -4.1319   -5.6313   53.2144
 0.1475     38.7043   -0.0545   38.7588  -32.0681   70.9497  -39.2361    7.0452  -36.0270   -4.1560   -5.6292   52.5030
 0.1500     38.2184   -0.0650   38.2834  -31.7651   69.8947  -38.5155    6.9043  -35.4704   -4.1795   -5.6256   51.7938
 0.1525     37.7317   -0.0752   37.8069  -31.4579   68.8388  -37.7972    6.7654  -34.9152   -4.2021   -5.6206   51.0869
 0.1550     37.2444   -0.0849   37.3293  -31.1466   67.7821  -37.0812    6.6284  -34.3614   -4.2241   -5.6140   50.3821
 0.1575     36.7565   -0.0942   36.8508  -30.8315   66.7251  -36.3678    6.4935  -33.8092   -4.2452   -5.6059   49.6795
 0.1600     36.2683   -0.1031   36.3715  -30.5129   65.6681  -35.6572    6.3606  -33.2587   -4.2655   -5.5963   48.9791
 0.1625     35.7799   -0.1117   35.8916  -30.1908   64.6115  -34.9497    6.2297  -32.7102   -4.2849   -5.5852   48.2810
 0.1650     35.2915   -0.1198   35.4112  -29.8657   63.5559  -34.2455    6.1009  -32.1637   -4.3035   -5.5725   47.5852
 0.1675     34.8032   -0.1275   34.9307  -29.5376   62.5015  -33.5450    5.9741  -31.6196   -4.3211   -5.5582   46.8919
 0.1700     34.3152   -0.1348   34.4501  -29.2068   61.4491  -32.8485    5.8495  -31.0779   -4.3377   -5.5424   46.2012
 0.1725     33.8279   -0.1418   33.9696  -28.8736   60.3990  -32.1563    5.7269  -30.5388   -4.3533   -5.5250   45.5132
 0.1750     33.3412   -0.1483   33.4895  -28.5381   59.3519  -31.4687    5.6064  -30.0027   -4.3679   -5.5059   44.8280
 0.1775     32.8556   -0.1545   33.0101  -28.2005   58.3082  -30.7862    5.4881  -29.4695   -4.3814   -5.4853   44.1459
 0.1800     32.3711   -0.1602   32.5314  -27.8611   57.2686  -30.1090    5.3719  -28.9397   -4.3938   -5.4631   43.4669
 0.1825     31.8881   -0.1657   32.0538  -27.5200   56.2335  -29.4376    5.2579  -28.4133   -4.4050   -5.4393   42.7913
 0.1850     31.4067   -0.1707   31.5774  -27.1776   55.2036  -28.7722    5.1460  -27.8906   -4.4149   -5.4139   42.1193
 0.1875     30.9271   -0.1753   31.1025  -26.8338   54.1793  -28.1132    5.0363  -27.3718   -4.4237   -5.3869   41.4510
 0.1900     30.4497   -0.1796   30.6293  -26.4891   53.1613  -27.4609    4.9289  -26.8570   -4.4311   -5.3584   40.7867
 0.1925     29.9744   -0.1836   30.1580  -26.1435   52.1501  -26.8157    4.8236  -26.3465   -4.4372   -5.3283   40.1265
 0.1950     29.5017   -0.1872   29.6889  -25.7972   51.1462  -26.1778    4.7205  -25.8404   -4.4420   -5.2966   39.4706
 0.1975     29.0317   -0.1904   29.2221  -25.4505   50.1501  -25.5476    4.6196  -25.3389   -4.4453   -5.2634   38.8192
 0.2000     28.5646   -0.1933   28.7579  -25.1035   49.1622  -24.9253    4.5210  -24.8422   -4.4473   -5.2287   38.1726
