   -0.10681633046796106326D-01
   -0.21798961803333590126D+02
    0.13949366463671566962D+00
    0.52799341230313264622D-02
    0.11343787631245667857D+00
    0.23869411040413377606D-01
    0.43804195228226694425D+01
    0.14981591779742405891D-02
    0.29136175734767967224D-02
    0.90804382206986029771D-03
    0.50393477877528876710D-02
    0.40329670380368618510D+01
    0.28138332704870261392D+00
    0.49393985439415523331D+02
    0.10124651588876184931D-02
    0.28777571854324124345D+00
    0.45779659860628952109D-02
   -0.65000121648248608608D+02
    0.68028181604935913929D-01
    0.12641641482965796164D-01
    0.15015210482709953621D+00
    0.14148531333414338454D-01
    0.24543663712352409983D-01
    0.43767584069885945297D+01
    0.14983080075758078813D-02
    0.12300537847130286334D-01
    0.37250966213191343858D-02
    0.62740170345865235377D-02
    0.41689038651218917053D+01
    0.28264073158170410771D+00
    0.47996906776569439046D+02
    0.10109392712443080256D-02
    0.27921471834090572095D+00
    0.48957219307527669733D-02
    0.55599641674007072023D+00
    0.14030966015971982230D+02
    0.13951766206687099547D+00
    0.60452589779428096001D-02
    0.12765045981006631348D+00
    0.10557781807708164698D-01
    0.44018335287274110712D+01
    0.15041075071128831228D-02
    0.24668708813455732590D-02
    0.17466569153392051163D-02
    0.74746133642794735166D-02
    0.35008437830612342268D+01
    0.55492382237885473639D+00
    0.11221759770933266509D+03
    0.12293181338948510131D-02
    0.79382591942479907576D+00
    0.42772373449616435371D-01
    0.44322625512612412457D+00
    0.00000000000000000000D+00
