     .14270286026112492000D-02
     .20762591853938321000D+01
     .14069539365964514000D+00
     .45771505645292908000D-02
     .11426651223363988000D+00
     .25430484883730078000D-01
     .60681804023435050000D+01
     .14985824263679661000D-02
     .27641709892070411000D-02
     .11201308208915515000D-02
     .49733682966090018000D-02
     .11826052564919928000D+02
     .10728614675411498000D+01
     .64224960019791680000D+02
    -.79155720892238406000D+02
     .34391806197451707000D+00
     .12380618284705879000D-01
     .15124283801442253000D+00
     .12686793076070309000D-01
     .22038856450855275000D-01
     .39273901370537598000D+01
     .14988926803628553000D-02
     .24691117074128000000D-01
     .74723245685481085000D-02
     .49802409942582915000D-02
     .13258223672285939000D+02
     .89825642124767757000D+00
     .47963955235387359000D+02
    -.38769062457024141000D+02
     .12671305002382748000D+00
     .16301321798382652000D-01
     .15352555559848735000D+00
     .30862666376805559000D-01
     .30702066416426268000D-01
     .43330370575981378000D+01
     .14839995745719201000D-02
     .25715186973739482000D-01
     .61633166780594170000D-02
     .49861868758345447000D-02
     .13317370475480242000D+02
     .71456753005104711000D+00
     .37986107804752720000D+02
    -.36619525142216566000D+02
     .82869441175904029000D-01
     .16768407761318996000D-01
     .15233261549204124000D+00
     .34293853216790556000D-01
     .26877570805472112000D-01
     .43424109221313891000D+01
     .14870319464101884000D-02
     .25609114910268900000D-01
     .70264421107334275000D-02
     .49782893722355994000D-02
     .12491427865384693000D+02
     .76727842779055477000D+00
     .43485143112298949000D+02
    -.18383737402699427000D+02
