   -0.34317286192445143819D-02
   -0.24369416445756499456D+02
    0.13972015043249355615D+00
    0.50647011154320870779D-02
    0.11395570609025490461D+00
    0.23251470450844916732D-01
    0.43685740092482880925D+01
    0.14943769507479334573D-02
    0.29209359515574820527D-02
    0.93199067241378638019D-03
    0.50370324299970660464D-02
    0.33391603997108942892D+01
    0.23852079093951655819D+00
    0.50569579337688701060D+02
    0.10423837918159106070D-02
    0.30333112880927487476D+00
    0.51468538694278385959D-02
   -0.52817391738808545654D+02
    0.68184514804598680970D-01
    0.22531599844699195384D-01
    0.13651376944560303373D+00
    0.19201658710521766343D-01
    0.22491928449630414072D-01
    0.43677644924029968010D+01
    0.14946873357286774662D-02
    0.97928891002001649396D-02
    0.32295619075649998654D-02
    0.60214444400884222300D-02
    0.42300872177436259491D+01
    0.31230686249876882243D+00
    0.52267603376240835189D+02
    0.96189138979895492422D-03
    0.28930678198146275726D+00
    0.92776761536974058225D-02
    0.68444675795219608871D-01
    0.85524556328848415632D+01
    0.14121397123179912914D+00
    0.55167777418802244060D-02
    0.12265799828204829169D+00
    0.14878041648852601692D-01
    0.43931101934777219142D+01
    0.15008622140586370779D-02
    0.32545943257380601996D-02
    0.16320123738085266264D-02
    0.69807515203121504530D-02
    0.33625163221675316017D+01
    0.37747692907884816682D+00
    0.79474241838081127298D+02
    0.14310657387888055508D-02
    0.65446431047603892406D+00
    0.53165385542681571347D-04
    0.21341673293709229053D+00
    0.00000000000000000000D+00
