   -0.17521295085486132681D+00
   -0.74526164131707730576D+01
    0.14009076331826084139D+00
    0.67181619899183125239D-02
    0.11287062037623193933D+00
    0.30722995647728540414D-01
    0.63068252828177371327D+01
    0.15029645470481119672D-02
    0.18893559657091507815D-02
    0.65865960575725568654D-03
    0.12103560500133428782D-01
    0.15657645403385119565D+02
    0.12220070010538846006D+01
    0.55251902990277500294D+02
   -0.57476981801396959781D+02
    0.79123186417335911180D+00
    0.94688027227704304328D-02
    0.15207125376184807419D+00
    0.18287626531853312661D-01
    0.36995371328851660297D-01
    0.42251902048440408421D+01
    0.15034908221664108115D-02
    0.33510601962137800958D-01
    0.64995172813010846508D-02
    0.23202142038289824688D-01
    0.17131631184877978313D+02
    0.74387093453088448669D+00
    0.30739646828953116398D+02
   -0.37958471692882774562D+02
    0.37055822699285512201D+00
    0.16599461137146786366D-01
    0.12461233218025018210D+00
    0.30207573265740503971D-01
    0.27839653695623935853D-01
    0.43600426636518321288D+01
    0.14932170589615262248D-02
    0.22449404774163777415D-01
    0.59707892305231108007D-02
    0.29306361884275843044D-01
    0.17060962503878712937D+02
    0.10158519971251971370D+01
    0.42152846813858964481D+02
   -0.33140946260429856807D+02
    0.74756662584268163130D+01
    0.11022021002786965005D-01
    0.86421076101744070952D-01
    0.52800853200800447473D-01
    0.27230487285762414867D-01
    0.17500190383691077045D+02
    0.15103785825743845043D-02
    0.72287925484270263918D-02
    0.78895708282917895865D-02
    0.10522112792097894352D+00
    0.20199193550156746113D+02
    0.49353854483613650572D+01
    0.17297660155233177193D+03
    0.89556686645282161408D+03
    0.00000000000000000000D+00
