   .1000D+00   .2000D-03
   .0000   .0000   .0000
   .0000   .0000   .0000
   .0000   .0000   .0000
    .035000000    .140000000    .140000000
    .012000000    .005000000    .005000000
    .036228229    .114084599    .114084599
    .007000000    .025000000    .025000000
    .000004412    .000004412    .000004412
    .001500000    .001500000    .001500000
    .001883765    .003000715    .003000715
    .002016235    .000899285    .000899285
    .030000000    .005000000    .005000000
    .000008397    .000014686    .000014686
    .002011994    .000985314    .000985314
   .1000D+00   .4000D-03
   .0000   .0000   .0000
   .0000   .0000   .0000
   .0000   .0000   .0000
    .035000000    .140000000    .140000000
    .012000000    .005000000    .005000000
    .036228229    .114084599    .114084599
    .007000000    .025000000    .025000000
    .000004412    .000004412    .000004412
    .001500000    .001500000    .001500000
    .001883765    .003000715    .003000715
    .002016235    .000899285    .000899285
    .030000000    .005000000    .005000000
    .000008397    .000014686    .000014686
    .002011994    .000985314    .000985314
   .1000D+00   .6000D-03
   .0000   .0000   .0000
   .0000   .0000   .0000
   .0000   .0000   .0000
    .035000000    .140000000    .140000000
    .012000000    .005000000    .005000000
    .036228229    .114084599    .114084599
    .007000000    .025000000    .025000000
    .000004412    .000004412    .000004412
    .001500000    .001500000    .001500000
    .001883765    .003000715    .003000715
    .002016235    .000899285    .000899285
    .030000000    .005000000    .005000000
    .000008397    .000014686    .000014686
    .002011994    .000985314    .000985314
   .1000D+00   .8000D-03
   .0000   .0000   .0000
   .0000   .0000   .0000
   .0000   .0000   .0000
    .035000000    .140000000    .140000000
    .012000000    .005000000    .005000000
    .036228229    .114084599    .114084599
    .007000000    .025000000    .025000000
    .000004412    .000004412    .000004412
    .001500000    .001500000    .001500000
    .001883765    .003000715    .003000715
    .002016235    .000899285    .000899285
    .030000000    .005000000    .005000000
    .000008397    .000014686    .000014686
    .002011994    .000985314    .000985314
   .1000D+00   .1000D-02
   .0000   .0000   .0000
   .0000   .0000   .0000
   .0000   .0000   .0000
    .035000000    .140000000    .140000000
    .012000000    .005000000    .005000000
    .036228229    .114084599    .114084599
    .007000000    .025000000    .025000000
    .000004412    .000004412    .000004412
    .001500000    .001500000    .001500000
    .001883765    .003000715    .003000715
    .002016235    .000899285    .000899285
    .030000000    .005000000    .005000000
    .000008397    .000014686    .000014686
    .002011994    .000985314    .000985314
   .1000D+00   .1200D-02
   .0000   .0000   .0000
   .0000   .0000   .0000
   .0000   .0000   .0000
    .035000000    .140000000    .140000000
    .012000000    .005000000    .005000000
    .036228229    .114084599    .114084599
    .007000000    .025000000    .025000000
    .000004412    .000004412    .000004412
    .001500000    .001500000    .001500000
    .001883765    .003000715    .003000715
    .002016235    .000899285    .000899285
    .030000000    .005000000    .005000000
    .000008397    .000014686    .000014686
    .002011994    .000985314    .000985314
   .1000D+00   .1400D-02
   .0000   .0000   .0000
   .0000   .0000   .0000
   .0000   .0000   .0000
    .035000000    .140000000    .140000000
    .012000000    .005000000    .005000000
    .036228229    .114084599    .114084599
    .007000000    .025000000    .025000000
    .000004412    .000004412    .000004412
    .001500000    .001500000    .001500000
    .001883765    .003000715    .003000715
    .002016235    .000899285    .000899285
    .030000000    .005000000    .005000000
    .000008397    .000014686    .000014686
    .002011994    .000985314    .000985314
   .1000D+00   .1600D-02
   .0000   .0000   .0000
   .0000   .0000   .0000
   .0000   .0000   .0000
    .035000000    .140000000    .140000000
    .012000000    .005000000    .005000000
    .036228229    .114084599    .114084599
    .007000000    .025000000    .025000000
    .000004412    .000004412    .000004412
    .001500000    .001500000    .001500000
    .001883765    .003000715    .003000715
    .002016235    .000899285    .000899285
    .030000000    .005000000    .005000000
    .000008397    .000014686    .000014686
    .002011994    .000985314    .000985314
   .1000D+00   .1800D-02
   .0000   .0000   .0000
   .0000   .0000   .0000
   .0000   .0000   .0000
    .035000000    .140000000    .140000000
    .012000000    .005000000    .005000000
    .036228229    .114084599    .114084599
    .007000000    .025000000    .025000000
    .000004412    .000004412    .000004412
    .001500000    .001500000    .001500000
    .001883765    .003000715    .003000715
    .002016235    .000899285    .000899285
    .030000000    .005000000    .005000000
    .000008397    .000014686    .000014686
    .002011994    .000985314    .000985314
   .1000D+00   .2000D-02
   .0000   .0000   .0000
   .0000   .0000   .0000
   .0000   .0000   .0000
    .035000000    .140000000    .140000000
    .012000000    .005000000    .005000000
    .036228229    .114084599    .114084599
    .007000000    .025000000    .025000000
    .000004412    .000004412    .000004412
    .001500000    .001500000    .001500000
    .001883765    .003000715    .003000715
    .002016235    .000899285    .000899285
    .030000000    .005000000    .005000000
    .000008397    .000014686    .000014686
    .002011994    .000985314    .000985314
   .1000D+00   .2200D-02
   .0000   .0000   .0000
   .0000   .0000   .0000
   .0000   .0000   .0000
    .035000000    .140000000    .140000000
    .012000000    .005000000    .005000000
    .036228229    .114084599    .114084599
    .007000000    .025000000    .025000000
    .000004412    .000004412    .000004412
    .001500000    .001500000    .001500000
    .001883765    .003000715    .003000715
    .002016235    .000899285    .000899285
    .030000000    .005000000    .005000000
    .000008397    .000014686    .000014686
    .002011994    .000985314    .000985314
   .1000D+00   .2400D-02
   .0000   .0000   .0000
   .0000   .0000   .0000
   .0000   .0000   .0000
    .035000000    .140000000    .140000000
    .012000000    .005000000    .005000000
    .036228229    .114084599    .114084599
    .007000000    .025000000    .025000000
    .000004412    .000004412    .000004412
    .001500000    .001500000    .001500000
    .001883765    .003000715    .003000715
    .002016235    .000899285    .000899285
    .030000000    .005000000    .005000000
    .000008397    .000014686    .000014686
    .002011994    .000985314    .000985314
   .1000D+00   .2600D-02
   .0000   .0000   .0000
   .0000   .0000   .0000
   .0000   .0000   .0000
    .035000000    .140000000    .140000000
    .012000000    .005000000    .005000000
    .036228229    .114084599    .114084599
    .007000000    .025000000    .025000000
    .000004412    .000004412    .000004412
    .001500000    .001500000    .001500000
    .001883765    .003000715    .003000715
    .002016235    .000899285    .000899285
    .030000000    .005000000    .005000000
    .000008397    .000014686    .000014686
    .002011994    .000985314    .000985314
   .1000D+00   .2800D-02
   .0000   .0000   .0000
   .0000   .0000   .0000
   .0000   .0000   .0000
    .035000000    .140000000    .140000000
    .012000000    .005000000    .005000000
    .036228229    .114084599    .114084599
    .007000000    .025000000    .025000000
    .000004412    .000004412    .000004412
    .001500000    .001500000    .001500000
    .001883765    .003000715    .003000715
    .002016235    .000899285    .000899285
    .030000000    .005000000    .005000000
    .000008397    .000014686    .000014686
    .002011994    .000985314    .000985314
   .1000D+00   .3000D-02
   .0000   .0000   .0000
   .0000   .0000   .0000
   .0000   .0000   .0000
    .035000000    .140000000    .140000000
    .012000000    .005000000    .005000000
    .036228229    .114084599    .114084599
    .007000000    .025000000    .025000000
    .000004412    .000004412    .000004412
    .001500000    .001500000    .001500000
    .001883765    .003000715    .003000715
    .002016235    .000899285    .000899285
    .030000000    .005000000    .005000000
    .000008397    .000014686    .000014686
    .002011994    .000985314    .000985314
   .1000D+00   .3200D-02
   .0000   .0000   .0000
   .0000   .0000   .0000
   .0000   .0000   .0000
    .035000000    .140000000    .140000000
    .012000000    .005000000    .005000000
    .036228229    .114084599    .114084599
    .007000000    .025000000    .025000000
    .000004412    .000004412    .000004412
    .001500000    .001500000    .001500000
    .001883765    .003000715    .003000715
    .002016235    .000899285    .000899285
    .030000000    .005000000    .005000000
    .000008397    .000014686    .000014686
    .002011994    .000985314    .000985314
   .1000D+00   .3400D-02
   .0000   .0000   .0000
   .0000   .0000   .0000
   .0000   .0000   .0000
    .035000000    .140000000    .140000000
    .012000000    .005000000    .005000000
    .036228229    .114084599    .114084599
    .007000000    .025000000    .025000000
    .000004412    .000004412    .000004412
    .001500000    .001500000    .001500000
    .001883765    .003000715    .003000715
    .002016235    .000899285    .000899285
    .030000000    .005000000    .005000000
    .000008397    .000014686    .000014686
    .002011994    .000985314    .000985314
   .1000D+00   .3600D-02
   .0000   .0000   .0000
   .0000   .0000   .0000
   .0000   .0000   .0000
    .035000000    .140000000    .140000000
    .012000000    .005000000    .005000000
    .036228229    .114084599    .114084599
    .007000000    .025000000    .025000000
    .000004412    .000004412    .000004412
    .001500000    .001500000    .001500000
    .001883765    .003000715    .003000715
    .002016235    .000899285    .000899285
    .030000000    .005000000    .005000000
    .000008397    .000014686    .000014686
    .002011994    .000985314    .000985314
   .1000D+00   .3800D-02
   .0000   .0000   .0000
   .0000   .0000   .0000
   .0000   .0000   .0000
    .035000000    .140000000    .140000000
    .012000000    .005000000    .005000000
    .036228229    .114084599    .114084599
    .007000000    .025000000    .025000000
    .000004412    .000004412    .000004412
    .001500000    .001500000    .001500000
    .001883765    .003000715    .003000715
    .002016235    .000899285    .000899285
    .030000000    .005000000    .005000000
    .000008397    .000014686    .000014686
    .002011994    .000985314    .000985314
   .1000D+00   .4000D-02
   .0000   .0000   .0000
   .0000   .0000   .0000
   .0000   .0000   .0000
    .035000000    .140000000    .140000000
    .012000000    .005000000    .005000000
    .036228229    .114084599    .114084599
    .007000000    .025000000    .025000000
    .000004412    .000004412    .000004412
    .001500000    .001500000    .001500000
    .001883765    .003000715    .003000715
    .002016235    .000899285    .000899285
    .030000000    .005000000    .005000000
    .000008397    .000014686    .000014686
    .002011994    .000985314    .000985314
