    -.56447390444921981000D-01
     .32200062709478189000D+02
     .13270716601799248000D+00
     .47752257027837323000D-02
     .10917444949984178000D+00
     .23017016381497848000D-01
     .47128289307813737000D+01
     .14967758577965689000D-02
     .26527317274683960000D-02
     .92241420132082620000D-03
     .46189433128627178000D-02
     .12035359389662922000D+02
     .93689670653704126000D+00
     .55110283982542270000D+02
    -.71644567896868423000D+02
     .60445484943352068000D+00
     .97359944294954196000D-02
     .13045350846033659000D+00
     .14736987679640857000D-01
     .24119369581490617000D-01
     .38918063731068266000D+01
     .14975034498779791000D-02
     .29317750893526985000D-01
     .80337057916789380000D-02
     .79430869740594357000D-02
     .11876220743299297000D+02
     .72855699767479753000D+00
     .43429544325238765000D+02
    -.28346226265403895000D+02
     .32091450498857809000D+00
     .16454095650877461000D-01
     .13692895720858741000D+00
     .41188149028069283000D-01
     .28291329489217132000D-01
     .43502408736962951000D+01
     .14885386868499213000D-02
     .28625192827984445000D-01
     .74749513222905090000D-02
     .10818954000447467000D-01
     .10872166844276017000D+02
     .63558853758315525000D+00
     .41386618898492081000D+02
    -.31491157192949213000D+02
     .16567485509372964000D+00
     .16093776292757825000D-01
     .13883373044612670000D+00
     .39586111992586076000D-01
     .28754174462031215000D-01
     .43404370359322808000D+01
     .14855441275830501000D-02
     .27273553721527250000D-01
     .69915631866299459000D-02
     .69991385702685192000D-02
     .11666686578276685000D+02
     .66954548838373517000D+00
     .40628665454789320000D+02
    -.13137449412009756000D+02
     .00000000000000000000D+00
     .35000000000000003000D-01
     .12000000000000000000D-01
     .35212079000000000000D-01
     .70000000000000001000D-02
     .44119999999999981000D+01
     .15000000000000000000D-02
     .18837649999999999000D-02
     .20162349999999999000D-02
     .29999999999999998000D-01
     .41559999999999996000D+01
     .20162349999999999000D+01
     .16964359364179364000D+03
     .18000000000000000000D+04
     .00000000000000000000D+00
