   -0.14140655853038768000D-01
   -0.11469984026063889000D+02
    0.14197414181311579000D+00
    0.42123995422612275000D-02
    0.11854479692111760000D+00
    0.23487417022675944000D-01
    0.45705424851494855000D+01
    0.11972985428767672000D-02
    0.18895749862576211000D-02
    0.62444886439209153000D-03
    0.49155992818714650000D-02
    0.33685970055065297000D+01
    0.24921904929609728000D+00
    0.52376027771323059000D+02
   -0.88379364044249300000D+02
    0.50021225629081300000D+00
    0.94685512941220344000D-02
    0.15848077974018784000D+00
    0.81094548972678627000D-02
    0.22748356291098271000D-01
    0.17698375065458382000D+01
    0.11977688120577290000D-02
    0.25409870793690846000D-01
    0.33572685877328238000D-02
    0.84031980046464244000D-02
    0.51469404495567951000D+01
    0.15224120106712984000D+00
    0.20940326050093279000D+02
   -0.34651799068449925000D+02
    0.14461152932336823000D+00
    0.18922666683473515000D-01
    0.15020599856413710000D+00
    0.35251287865517372000D-01
    0.20203092639606533000D-01
    0.32542585541231683000D+01
    0.11212023947739008000D-02
    0.21474348742211650000D-01
    0.58742775054721092000D-02
    0.11420477397586585000D-01
    0.41560659123763370000D+01
    0.25451671643121703000D+00
    0.43354508450863448000D+02
   -0.33768426638101431000D+02
    0.10482819439257480000D+00
    0.18481372863972025000D-01
    0.15152545679496748000D+00
    0.39998431425792069000D-01
    0.20640548114237371000D-01
    0.33483148189296825000D+01
    0.11505124860229484000D-02
    0.21903373600852687000D-01
    0.60341531338244528000D-02
    0.74128336934236437000D-02
    0.37415485973742006000D+01
    0.23075766449913626000D+00
    0.43662150855021799000D+02
   -0.27980455080332855000D+02
    0.11020186004029348000D+02
    0.43424360110350827000D-01
    0.41212115163857584000D-02
    0.40914446131485454000D-01
    0.43343288253318663000D-02
    0.66081810957079287000D+01
    0.12006285885695021000D-02
    0.12326802955815109000D-02
    0.31916171598535859000D-02
    0.31860088665248857000D-01
    0.57965162278391550000D+01
    0.33599036334490222000D+01
    0.41035539435268412000D+03
    0.90085304113464867000D-01
    0.00000000000000000000D+00
