    -.27376928640698694000D+00
     .49200104418883165000D+01
     .14321470342677311000D+00
     .44400686940481801000D-02
     .11489049919572047000D+00
     .29010709795197348000D-01
     .38875955919176181000D+01
     .11977891695522059000D-02
     .19463711915989625000D-02
     .44294382519917689000D-03
     .52772788150742822000D-02
     .11425244329619355000D+02
     .58208701043282562000D+00
     .36068060800687760000D+02
    -.98241065360468880000D+02
     .93827593077047619000D-01
     .84635699942152402000D-02
     .14902648879782101000D+00
     .98200192984988412000D-02
     .12227902894010189000D-01
     .33268537965608588000D+01
     .11976335944846650000D-02
     .11077572570789475000D-01
     .51183101122666092000D-02
     .68362147599630440000D-02
     .17683219326333585000D+02
     .18291223366416295000D+01
     .73228780397147531000D+02
    -.43622273862266844000D-01
     .12000000000000000000D+02
     .14999999999999999000D-01
     .20000000000000000000D-02
     .58795959999999999000D-02
     .80000000000000001000D-02
     .35289999999999972000D+01
     .11999999999999998000D-02
     .22867270000000001000D-02
     .17132729999999999000D-02
     .29999999999999998000D-01
     .18876999999999998000D+02
     .31663229999999997000D+01
     .11873034728875772000D+03
     .99999999999999936000D-01
     .00000000000000000000D+00
